solo30s/topo/acc.txt
ncols         336
nrows         204
xllcorner     110.2
yllcorner     -8.3
cellsize      0.0083333333333333
NODATA_value  -9999
[rows 41 to 81 of 204, columns 184 to 275 of 336]
1 1 1 1 4 3 1 1 1 2 3 5 2 3 1 1 1 2 3 6 4 1 -9999 -9999 -9999 -9999 -9999 -9999 -9999 -9999 -9999 -9999 -9999 -9999 -9999 -9999 -9999 -9999 -9999 -9999 -9999 -9999 -9999 -9999 -9999 -9999 -9999 -9999 -9999 -9999 -9999 -9999 -9999 -9999 -9999 -9999 -9999 -9999 -9999 -9999 -9999 1 1 1 1 4 1 1 6 2 3 4 4 1 15 1 1 18 3 1 1 2 3 5 1 1 4 -9999 -9999 -9999 -9999 -9999
1 2 3 5 1 1 2 1 2 1 105 99 90 88 2 2 25 23 19 8 2 1 -9999 -9999 -9999 -9999 -9999 -9999 -9999 -9999 -9999 -9999 -9999 -9999 -9999 -9999 -9999 -9999 -9999 -9999 -9999 -9999 -9999 -9999 -9999 -9999 -9999 -9999 -9999 -9999 -9999 -9999 -9999 -9999 -9999 -9999 -9999 -9999 -9999 -9999 1 2 1 2 2 6 1 1 10 1 4 9 1 1 16 1 1 23 1 1 2 3 1 9 2 2 6 1 1 1 1 1
389 1 4 6 2 2 1 4 114 111 3 1 1 4 78 73 1 1 1 1 4 1 -9999 -9999 -9999 -9999 -9999 -9999 -9999 -9999 -9999 -9999 -9999 -9999 -9999 -9999 -9999 -9999 -9999 -9999 -9999 -9999 -9999 -9999 -9999 -9999 -9999 -9999 -9999 -9999 -9999 -9999 -9999 -9999 1 1 1 1 1 1 1 4 1 4 1 9 1 2 17387 1 5 10 1 3 1 18 29 4 1 1 3 4 1 12 5 7 1 1 2 2 2 2
391 1 5 7 3 1 4 120 1 1 1 1 1 2 4 8 36 1 1 1 1 1 -9999 -9999 -9999 -9999 -9999 -9999 -9999 -9999 -9999 -9999 -9999 -9999 -9999 -9999 -9999 -9999 -9999 -9999 -9999 -9999 -9999 -9999 -9999 -9999 -9999 -9999 -9999 -9999 -9999 -9999 1 1 2 2 1 3 2 2 1 8 15 1 2 12 1 17372 1 17388 6 22 5 1 1 50 1 1 1 2 4 5 1 20 1 11 2 1 3 3 3 3
392 1 6 8 1 6 132 7 4 3 2 1 1 3 1 7 2 32 28 23 2 1 -9999 -9999 -9999 -9999 -9999 -9999 -9999 -9999 -9999 -9999 -9999 -9999 -9999 -9999 -9999 -9999 -9999 -9999 -9999 -9999 -9999 -9999 -9999 -9999 -9999 1 1 1 1 1 2 1 2 3 4 4 3 3 1 1 18 1 1 1 17366 2 1 17393 1 1 24 78 51 1 1 1 1 1 12 1 1 22 1 13 1 2 4 4 4 6
124 518 7 9 1 140 1 1 1 2 1 2 1 2 1 5 1 3 3 1 18 4 -9999 -9999 -9999 -9999 -9999 -9999 -9999 -9999 -9999 -9999 -9999 -9999 -9999 -9999 -9999 -9999 -9999 -9999 -9999 -9999 -9999 -9999 -9999 1 1 1 3 3 1 1 3 4 5 11 5 12 4 1 1 1 1 21 1 17352 2 1 1 1 17397 17398 17405 1 79 2 2 17664 17667 17690 17708 3 1 23 1 15 1 3 5 5 5 7
4 1 527 10 145 3 1 1 3 5 4 1 1 1 1 1 1 2 2 1 13 1 3 -9999 -9999 -9999 -9999 -9999 -9999 -9999 -9999 -9999 -9999 -9999 -9999 -9999 -9999 -9999 -9999 -9999 -9999 -9999 -9999 1 1 2 5 1 5 4 2 1 4 1 1 2 37 1 2 2 1 1 1 1 22 17346 1 1 1 1 2 5 1 17549 17551 17634 17660 1 1 21 2 17710 17737 24 17 1 1 4 6 1 11 10
1 1 2 686 1 1 1 13 11 2 1 3 1 1 1 1 1 1 1 2 2 6 1 1 -9999 -9999 -9999 -9999 -9999 -9999 -9999 -9999 -9999 -9999 -9999 -9999 -9999 -9999 -9999 -9999 1 1 1 2 1 1 7 1 2 6 13 2 5 2 1 3 5 38 41 4 1 2 1 3 1 17322 7 6 2 1 1 2 143 1 1 1 1 23 2 18 1 1 1 17754 17774 18103 18106 18112 18120 18136 18149 18166
1 1 3 692 1 1 24 9 8 5 4 1 1 2 2 3 3 2 1 1 1 1 4 3 1 -9999 -9999 -9999 1 1 1 1 -9999 -9999 -9999 -9999 -9999 1 2 3 4 8 4 1 2 1 1 13 1 1 2 16 6 3 1 1 1 1 2 48 17228 17232 17235 17240 17293 21 4 1 2 1 1 1 1 139 1 1 20 2 1 1 16 1 15 1 2 327 1 1 1 14 1 1
1 1 1 1 719 26 2 1 1 1 4 2 1 1 6 8 1 1 1 1 1 1 1 1 1 -9999 -9999 1 1 4 4 1 1 1 1 -9999 -9999 1 1 1 1 1 12 18 5 1 1 16 1 1 1 19 26 6 1 1 1 1 1 17226 1 1 1 1 51 9 7 2 1 1 1 1 2 135 1 1 18 1 1 1 14 1 14 1 3 326 1 3 12 1 1 2
29 32 34 38 769 3 1 1 6 5 1 1 2 1 1 15 1 3 2 1 2 2 3 2 1 -9999 1 1 2 3 9 1 2 2 2 1 1 1 2 2 2 1 1 1 29 1 1 19 1 1 4 5 1 35 1 1 2 2 17176 3 1 1 27 42 8 4 4 6 3 1 1 3 131 1 1 2 10 3 1 6 5 1 13 2 1 321 1 2 8 1 1 18206
19 1 1 3 8 780 793 7 1 4 2 3 1 1 4 31 15 6 5 2 3 6 5 2 1 1 1 3 5 11 21 4 1 1 3 3 3 2 3 3 3 1 1 1 3 30 1 21 1 1 4 5 6 37 1 1 2 3 17168 1 1 25 4 1 9 7 3 3 2 1 1 130 33 1 1 1 9 2 2 2 1 2 12 1 4 318 1 1 3 3 1 1
1 1 2 7 4 6 3 795 5 1 4 1 2 1 38 1 1 3 1 1 4 12 2 1 2 1 1 1 1 1 1 27 3 1 4 4 4 3 4 4 4 2 2 1 1 32 2 23 1 1 1 1 8 57 1 2 1 17166 2 1 18 6 1 2 8 3 3 2 2 1 1 92 1 31 1 1 8 1 1 1 1 10 1 3 2 310 2 1 2 2 1 2
1 1 6 3 5 1 1 11 819 5 1 2 3 1 41 2 1 1 1 1 24 5 2 1 3 2 2 2 1 1 1 2 31 1 11 1 5 4 5 5 5 3 3 1 1 1 63 25 1 1 1 1 1 4 59 62 1 17155 2 1 17 1 4 1 5 2 2 2 1 1 1 89 1 28 5 1 2 5 2 2 7 2 2 1 2 1 304 2 1 1 1 1
1 5 2 1 3 3 6 4 1 824 827 3 4 43 4 2 1 1 2 1 27 1 1 1 4 3 3 3 2 2 1 1 35 1 12 2 10 1 6 6 1 9 6 1 1 67 1 3 2 1 2 1 1 1 1 1 64 1 17153 1 16 1 1 2 1 3 1 1 1 1 1 86 1 22 2 2 1 2 1 1 4 1 1 1 1 1 301 1 1 1 4 7
2 2 1 2 2 2 2 1 1 4 1 830 888 6 1 1 1 2 1 3 31 1 2 2 5 4 4 4 3 3 1 3 1 53 66 16024 16035 16041 16261 16269 16272 16273 16291 2 1 69 1 1 2 1 3 1 2 1 1 1 65 16966 184 1 1 14 2 1 1 1 1 1 1 1 81 2 1 19 1 1 1 1 1 2 1 1 2 1 1 299 3 1 1 2 1 5
1 1 1 1 1 1 1 1 1 1 1 1 1 893 4 3 1 1 4 1 34 5 1 3 6 5 5 5 1 4 8 10 14 1 15954 1 4 2 213 1 1 1 16294 1 70 1 1 3 8 4 1 2 3 1 2 16892 16965 1 179 3 1 4 7 3 1 1 1 3 1 2 78 1 1 17 5 4 1 1 1 1 2 3 3 1 289 3 1 1 1 2 1 1
1 1 1 1 1 2 3 3 1 1 1 1 1 896 1 1 1 2 5 1 1 42 1 4 1 7 6 6 6 2 1 1 1 1 15953 1 1 1 1 211 1 1 12 16316 16388 16391 16397 1 9 1 2 3 1 4 16889 8 1 5 1 177 3 3 2 1 1 2 1 1 70 72 1 1 1 4 5 2 2 1 4 1 1 1 8 1 286 1 1 1 1 1 3 4
2 3 1 2 1 1 1 4 5 2 2 2 1 898 3 1 1 5 7 1 1 45 1 1 7 15 22 7 9 1 1 1 4 15947 1 4 1 1 2 209 1 1 9 9 1 1 1 16399 16835 1 1 6 16859 16877 1 6 1 4 1 173 1 2 2 1 1 1 5 65 31 1 1 1 1 2 2 1 1 1 3 10 1 1 1 280 3 1 1 2 3 1 1 1
3 4 2 1 5 13669 6 1 1 8 3 3 1 1 904 1 1 15 1 1 4 51 1 1 1 1 1 31 11 1 2 1 15942 2 1 2 1 1 206 1 1 4 4 5 3 1 4 422 2 16837 2 16857 1 1 11 1 5 3 1 170 1 1 1 1 1 15 19 1 7 30 3 1 1 1 1 1 1 1 1 2 261 264 267 4 1 1 2 3 5 1 2 1
13638 13647 1 1 13661 1 13816 13821 1 1 19 6 1 1 908 1 1 17 1 1 1 1 52 55 58 1 1 1 45 1 1 4 15936 1 2 1 1 1 201 1 1 2 3 4 2 1 1 417 1 1 16841 6 1 3 3 3 4 2 1 3 164 1 1 1 8 4 3 5 1 1 25 22 1 1 1 1 3 1 1 245 2 1 1 1 1 1 1 6 1 9 1 1
1 1 13650 13654 1 146 1 1 13826 1 21 1 2 1 1 910 1 19 1 1 1 1 1 1 1 59 3 47 1 1 1 15929 1 5 2 1 1 196 2 1 1 1 2 3 1 1 1 416 1 1 2 2 2 2 2 2 3 1 1 1 161 3 1 4 2 3 2 3 1 1 2 18 1 1 4 7 4 2 1 243 1 1 1 3 1 1 23 31 35 46 49 52
1 1 1 1 144 6 1 1 4 13866 13889 5 2 1 1 1 931 1 1 2 2 1 15108 4 1 1 15608 49 1 2 3 15904 18 16 2 1 1 1 191 2 1 1 1 1 1 1 411 2 1 1 1 1 1 1 1 1 1 1 1 3 4 156 1 3 1 2 1 2 2 3 13 2 1 1 1 1 13 141 143 97 1 1 1 1 5 13 6 1 2 1 1 1
1 1 2 136 1 2 2 1 1 38 1 13899 1 1 3 2 934 936 14990 14997 15001 15100 1 15109 1 15545 1 15660 15664 1 15903 1 1 1 12 2 1 1 166 22 20 1 1 1 1 1 408 170 2 1 1 1 1 1 1 1 1 1 1 1 149 1 1 1 1 1 1 1 1 7 1 1 1 1 1 2 124 1 1 12 83 1 1 1 1 5 3 2 1 1 2 1
2 1 129 1 3 1 1 1 37 1 1 2 13905 1 13928 1 1 14052 3 1 1 97 1 15111 1 15542 1 1 2 15674 224 1 1 5 2 2 1 1 164 1 1 16 4 2 1 2 235 1 167 165 162 3 1 2 2 2 2 2 1 1 146 2 1 1 1 1 1 2 5 1 1 1 1 1 116 119 1 1 10 11 7 73 4 1 2 2 2 1 1 1 1 4
1 1 127 1 1 1 1 1 34 1 1 2 5 13923 1 13930 14050 1 1 1 1 96 1 15118 1 15539 1 1 1 8 222 13 1 1 2 1 1 1 161 1 9 5 1 1 6 230 2 1 1 1 4 153 151 3 1 77 72 5 1 1 2 140 2 1 5 2 1 2 1 1 4 43 45 49 63 1 1 9 1 5 1 1 67 1 1 1 1 1 4 13 15 16
1 1 124 1 1 1 1 3 28 1 1 1 1 16 110 114 4 1 1 1 93 1 1 5 15535 1 2 1 2 6 208 1 11 2 1 1 1 145 12 1 3 1 4 5 1 220 2 1 1 2 1 1 62 84 82 2 1 63 1 1 3 14 120 8 1 1 1 3 7 9 36 1 2 1 62 1 4 4 2 1 1 1 65 1 1 1 1 2 5 1 1 40
1 1 121 3 1 1 3 25 1 1 3 1 15 1 108 3 1 1 1 2 91 1 2 1 414 2 1 1 2 1 205 1 8 2 1 1 143 1 1 9 1 1 3 4 1 1 216 1 1 1 40 56 5 1 1 1 1 61 1 1 13 5 1 105 1 1 1 3 2 15 1 10 1 1 60 1 3 3 1 1 1 2 43 17 3 1 1 3 1 1 1 38
1 1 2 114 1 1 18 1 1 2 1 5 13 1 107 1 2 3 5 88 1 1 1 1 411 1 1 1 4 1 204 1 3 2 1 1 2 139 1 1 6 1 2 3 1 1 214 1 1 37 1 15 1 3 1 1 55 3 1 11 1 4 3 1 99 1 2 1 11 1 1 9 1 1 57 1 2 2 1 1 4 41 1 10 2 1 1 1 2 1 2 35
1 1 8 112 1 1 16 1 1 1 3 6 1 1 104 1 1 2 3 77 2 1 1 1 408 3 1 2 1 6 193 2 1 2 1 1 118 1 17 2 1 4 1 2 1 3 211 1 1 34 1 1 13 1 1 1 53 1 1 10 1 3 2 1 96 1 1 2 5 3 1 4 1 1 54 1 1 1 1 3 35 1 1 7 2 1 1 2 8 16 22 1
1 6 1 1 100 1 13 1 1 1 1 1 1 2 101 1 1 2 1 73 2 1 1 404 2 1 1 1 1 1 192 6 1 2 1 1 115 1 5 9 1 2 1 1 1 204 2 1 1 29 2 1 2 10 1 49 2 1 1 4 2 2 1 1 93 1 1 1 4 1 1 3 1 7 51 1 1 2 4 28 1 1 1 4 1 1 2 5 3 1 2 3
1 3 1 98 2 1 11 4 1 1 1 15 18 94 1 2 1 1 1 69 1 1 13 1 384 2 1 1 1 185 16 15 4 1 1 1 112 1 4 1 6 1 1 1 1 202 4 1 2 1 24 1 1 9 1 1 44 1 1 3 1 1 1 1 90 3 1 1 1 2 1 1 5 3 42 1 1 1 1 8 14 2 1 2 1 1 2 1 1 1 1 1
1 1 2 94 1 1 6 1 1 1 14 2 1 75 1 1 1 1 61 5 1 1 11 1 381 1 1 1 3 165 1 1 13 1 1 1 109 1 1 2 3 1 1 1 195 1 2 1 1 1 22 5 1 5 3 1 39 3 1 1 1 2 1 2 43 42 4 2 1 1 2 4 2 2 1 34 1 1 7 1 8 3 1 1 -9999 -9999 -9999 -9999 -9999 -9999 -9999 1
1 2 3 90 1 1 2 1 1 9 1 1 1 72 1 1 1 52 6 2 1 8 1 1 374 4 1 1 163 1 1 1 3 8 1 1 106 4 3 1 2 1 1 105 1 86 2 1 1 5 9 1 3 4 2 1 1 35 2 1 1 1 5 42 2 1 36 1 1 1 1 1 1 1 2 31 1 3 2 1 3 2 1 -9999 -9999 -9999 -9999 -9999 -9999 -9999 -9999 -9999
1 1 2 85 1 1 1 1 5 1 1 1 1 69 1 1 46 3 1 4 1 7 1 2 372 1 1 1 2 155 3 1 1 2 3 1 100 3 1 2 1 1 3 99 1 1 82 3 1 4 7 1 2 3 1 1 1 32 3 1 1 1 27 5 1 1 34 4 2 1 1 3 4 1 24 1 2 2 1 1 1 1 -9999 -9999 -9999 -9999 -9999 -9999 -9999 -9999 -9999 -9999
1 1 2 1 78 1 1 3 1 1 3 56 57 9 1 1 42 1 1 3 1 5 1 2 368 2 1 1 145 1 5 1 1 1 2 1 95 1 1 1 1 3 94 2 1 1 78 4 1 3 3 3 1 1 1 1 3 24 2 1 1 3 22 1 3 1 16 12 2 1 1 1 2 17 5 1 1 1 -9999 -9999 -9999 -9999 -9999 -9999 -9999 -9999 -9999 -9999 -9999 -9999 -9999 -9999
1 1 2 9 75 1 1 1 1 2 50 1 1 7 1 1 41 1 1 2 1 3 1 1 363 2 1 1 3 140 1 3 1 1 1 1 92 1 3 1 1 2 90 1 1 1 72 2 2 2 2 1 1 2 4 7 18 1 2 1 5 15 1 5 2 1 14 7 2 1 1 2 7 3 2 1 -9999 -9999 -9999 -9999 -9999 -9999 -9999 -9999 -9999 -9999 -9999 -9999 -9999 -9999 -9999 -9999
1 1 6 1 64 1 1 1 16 20 1 26 2 1 1 12 3 23 1 1 2 1 1 315 359 2 1 1 1 138 1 40 1 1 1 3 89 5 1 1 1 2 86 1 1 1 68 2 1 1 1 1 1 1 2 5 3 2 1 4 3 2 4 4 1 6 4 2 6 3 1 1 3 2 1 -9999 -9999 -9999 -9999 -9999 -9999 -9999 -9999 -9999 -9999 -9999 -9999 -9999 -9999 -9999 -9999 -9999
1 1 4 1 61 1 1 12 2 1 23 2 1 1 11 1 1 20 1 1 1 1 309 3 1 40 3 1 1 1 133 1 38 3 1 3 2 75 1 1 1 1 82 1 1 3 61 1 1 2 1 1 1 1 1 3 2 1 1 2 2 1 3 2 1 5 3 1 1 1 1 1 1 1 -9999 -9999 -9999 -9999 -9999 -9999 -9999 -9999 -9999 -9999 -9999 -9999 -9999 -9999 -9999 -9999 -9999 -9999
1 1 1 1 58 1 1 9 1 1 22 1 1 7 2 1 11 7 1 1 2 304 2 1 2 36 1 1 1 2 89 1 1 33 1 2 1 1 72 1 1 4 5 74 1 58 1 1 3 1 1 3 1 1 1 1 1 -9999 -9999 1 1 1 1 1 2 2 1 1 -9999 -9999 -9999 -9999 -9999 -9999 -9999 -9999 -9999 -9999 -9999 -9999 -9999 -9999 -9999 -9999 -9999 -9999 -9999 -9999 -9999 -9999 -9999 -9999
2 1 1 3 52 1 4 1 2 1 19 1 4 2 1 7 2 4 1 1 1 2 298 1 1 34 1 1 1 3 87 1 1 3 28 1 1 1 69 1 2 1 66 6 1 1 56 52 5 1 5 1 2 2 1 -9999 -9999 -9999 -9999 -9999 -9999 -9999 -9999 -9999 1 1 -9999 -9999 -9999 -9999 -9999 -9999 -9999 -9999 -9999 -9999 -9999 -9999 -9999 -9999 -9999 -9999 -9999 -9999 -9999 -9999 -9999 -9999 -9999 -9999 -9999 -9999
