solo30s/topo/acc.txt
ncols         336
nrows         204
xllcorner     110.2
yllcorner     -8.3
cellsize      0.0083333333333333
NODATA_value  -9999
[rows 123 to 163 of 204, columns 92 to 183 of 336]
2 153 147 100 99 96 2 88 82 1 1 1 1 1 1 13 12 5 4 3 2 1 3 2 1 1 1 1 1 2 3 4 5 6 18 19 1 1 12 6 1 1 1 1 1 1 3 14 17 1 1 1 6 2 6 10 14 15 1 28 40 43 45 1 1 2643 1 1 2 23 32 1 1 60 5 3 1 1 1 1 3 15 2 3 1 1 1 71 2 1 -9999 -9999
1 2 3 46 44 1 91 2 1 73 9 6 5 4 3 2 1 6 5 4 3 2 1 1 2 2 1 2 1 1 1 2 3 4 1 1 8 10 3 1 1 1 2 3 4 6 9 1 1 1 1 5 1 3 1 1 1 1 7 6 1 1 1 1 1 2640 1 1 21 1 2 5 1 2 51 33 31 1 1 1 1 11 3 1 2 1 3 69 9 1 -9999 -9999
1 1 2 1 1 42 39 34 1 1 62 1 1 1 1 1 1 1 1 1 1 1 2 3 3 1 2 3 1 2 2 1 2 3 4 5 1 1 1 1 1 1 1 1 1 1 1 1 1 2 3 1 2 1 2 3 4 5 1 5 1 2 3 4 6 2637 1 1 19 1 1 1 3 1 17 1 1 28 18 1 4 1 10 2 1 1 55 1 1 6 -9999 -9999
9 7 1 1 1 1 1 3 32 28 1 59 58 56 53 50 47 44 34 32 30 8 4 6 2 3 1 1 4 2 3 3 4 5 6 7 1 1 1 1 1 98 104 106 108 1 1 1 1 1 1 1 1 1 1 1 1 2 3 1 2 1 1 1 2635 2 1 1 16 1 7 1 1 2 1 12 1 1 8 14 1 2 8 1 1 1 51 2 1 4 1 -9999
1 1 4 3 2 1 1 1 1 2 27 22 1 1 1 1 1 1 7 6 1 20 18 5 4 2 1 1 2 5 3 4 5 6 1 1 21 23 25 27 95 3 1 1 4 115 118 121 123 164 169 173 176 179 182 1 1 1 1 1 3 1 4 217 1 2407 1 1 1 13 3 6 1 1 2 6 2 4 3 2 6 1 1 7 1 1 47 2 1 2 1 -9999
1 1 1 1 1 1 1 1 1 1 1 3 20 18 11 10 5 4 2 2 2 1 1 5 4 1 1 4 13 1 1 4 1 1 9 11 1 1 2 65 1 1 1 1 1 1 1 1 39 3 1 1 1 1 2 187 190 2 2 204 1 1 212 1 2182 1 222 3 1 1 1 2 4 1 1 3 2 1 3 2 1 4 1 4 1 1 30 15 1 6 1 -9999
1 1 3 4 2 23 19 2 7 1 1 1 1 1 5 2 4 1 1 1 1 1 1 1 1 1 1 1 3 19 21 31 2 1 1 1 1 55 61 1 1 1 1 1 1 1 36 38 2 1 6 7 1 1 1 1 1 193 197 1 208 210 1 1 2180 1 1 217 214 1 2 1 1 2 1 1 1 1 1 1 1 1 1 2 1 1 27 1 13 1 5 -9999
44 41 35 29 27 1 2 15 1 4 3 2 1 1 1 1 1 1 1 1 1 1 8 5 3 1 1 1 1 1 5 1 35 39 41 42 52 3 1 1 1 7 9 11 32 33 1 1 1 2 2 1 13 15 1 1 1 1 1 1 1 1 1 2172 5 3 1 1 2 209 1 1 1 1 1 1 1 1 1 1 1 1 1 1 1 1 24 1 5 1 4 -9999
1 1 1 1 1 1 1 1 5 4 3 2 1 1 1 1 1 1 26 24 22 13 4 3 2 1 1 3 1 2 1 1 1 1 4 6 3 1 1 1 2 1 1 18 1 1 1 1 1 1 1 2 1 1 25 27 1 1 1 44 45 1 2085 85 1 1 2 1 1 205 1 2 2 156 154 134 131 128 2 2 104 100 3 1 1 1 1 20 3 1 3 -9999
1 1 1 1 1 1 5 4 3 2 1 1 1 1 38 35 32 30 2 1 1 5 4 3 2 1 1 2 6 1 1 1 1 1 1 1 1 1 1 2 3 10 15 1 1 4 7 1 1 1 1 3 5 6 1 4 35 38 40 1 1 46 2082 2 83 1 1 1 1 202 198 180 176 3 18 1 1 1 123 118 1 2 95 93 1 1 1 19 2 1 2 -9999
90 87 84 3 1 7 1 1 1 1 1 1 3 41 1 1 1 1 5 4 2 1 2 1 1 1 1 1 2 12 14 17 1 1 1 1 1 2 3 4 5 1 1 3 1 3 6 15 4 1 1 1 1 2 3 1 1 1 1 1 2 2079 1 1 1 80 1 1 1 1 17 1 14 1 2 17 1 1 1 9 3 1 1 3 86 1 1 15 6 1 1 -9999
1 1 1 78 76 66 64 61 58 55 52 49 43 1 1 18 17 14 8 1 1 4 1 2 1 2 2 1 1 1 1 3 23 3 1 1 2 1 1 1 1 1 2 1 2 1 1 1 21 1 1 1 1 1 1 1 1 1 1 3 2029 1 1 1 1 4 73 1 1 1 1 14 1 11 1 1 15 1 1 1 6 2 1 1 81 2 1 7 1 5 1 -9999
1 1 1 1 1 1 1 1 1 1 1 1 1 24 23 3 1 1 1 6 5 1 3 1 2 3 1 4 1 1 1 1 1 27 33 36 40 43 45 3 1 1 1 1 2 3 4 5 6 23 3 1 1 136 142 145 148 2 1 1955 1 69 67 3 1 2 1 69 3 1 1 3 10 1 8 7 1 12 8 4 1 4 1 5 1 74 1 1 4 2 1 -9999
3 11 9 5 4 3 2 1 1 1 1 1 29 3 1 1 1 4 1 1 7 5 1 4 1 1 5 5 2 1 2 1 1 1 1 1 1 1 1 51 56 59 1 1 1 1 1 1 2 99 127 130 132 3 1 1 1 149 1953 3 1 1 43 19 1 1 3 1 61 56 1 1 1 8 6 3 6 3 3 3 3 1 2 4 1 4 68 3 2 3 1 -9999
13 1 1 1 2 1 1 2 2 1 1 32 2 1 1 1 7 2 1 10 1 1 1 6 1 1 7 1 8 2 1 3 2 1 1 1 1 1 3 1 2 5 67 69 71 1 81 86 89 1 1 1 1 1 1 1 1 1 1797 1 1 1 42 1 16 2 1 2 2 2 54 1 1 1 1 1 2 2 2 2 2 2 1 3 1 1 18 46 3 1 2 -9999
1 1 1 3 1 1 1 56 52 47 42 8 4 1 1 1 10 13 11 1 1 2 2 7 3 1 1 9 1 13 1 1 4 4 1 2 3 1 1 1 1 1 1 1 4 77 3 1 1 1 1 2 1 1 1 1 3 4 1794 2 1 1 39 1 1 12 5 1 1 1 2 50 3 1 1 1 1 1 1 1 1 1 1 2 1 1 17 42 1 2 1 -9999
2 90 2 73 69 66 63 4 2 2 3 1 1 1 1 13 16 1 1 3 3 1 3 8 4 2 2 1 10 25 1 1 2 12 1 1 8 1 1 1 2 3 4 1 1 1 1 1 1 2 3 4 8 2 1 4 5 6 1787 3 2 1 1 35 1 5 1 4 3 1 1 1 45 42 40 33 1 1 10 2 1 2 1 1 1 3 12 40 1 1 1 -9999
92 1 86 1 1 1 1 1 1 1 1 1 1 1 15 19 1 1 4 4 1 1 5 15 1 5 1 1 2 28 4 1 1 15 2 1 10 4 1 1 1 1 1 5 1 2 1 1 1 1 1 1 1 11 1 1 1 1 1777 2 1 1 1 2 31 1 3 1 1 1 1 1 1 1 1 4 29 12 1 7 6 3 2 1 1 10 1 35 3 1 1 -9999
1 1 1 10 9 5 4 3 2 1 1 1 1 18 21 1 1 1 5 5 1 4 22 1 1 7 1 1 2 1 34 1 1 1 19 1 1 15 1 1 2 2 4 2 6 1 3 2 4 8 11 14 17 29 31 33 35 1 1773 1 1 1 1 1 1 29 1 1 21 7 4 3 2 1 2 1 1 14 10 8 4 3 2 1 1 6 1 1 33 13 11 10
8 7 5 1 1 2 1 1 1 2 1 1 3 41 1 1 2 1 11 1 1 28 1 1 8 1 1 5 3 1 1 37 1 1 2 23 1 16 3 1 1 3 1 5 14 5 1 1 1 1 1 1 1 1 1 1 1 37 1733 138 136 2 3 1 1 1 26 25 1 13 5 4 3 2 1 1 1 1 1 1 3 2 1 1 1 3 1 1 9 10 2 7
6 4 1 2 1 1 2 2 3 1 1 4 46 1 3 1 1 17 1 2 1 31 1 10 2 1 1 1 11 2 1 3 42 1 1 27 1 1 19 25 27 5 1 1 1 15 78 81 83 1 1 1 1 2 105 2 1 1594 1 1 1 131 129 124 121 1 1 1 2 1 7 6 5 4 3 2 1 2 1 1 4 3 2 1 1 1 1 1 6 6 1 1
1 1 2 1 2 3 3 4 2 1 1 53 1 1 5 1 1 18 1 1 36 1 1 12 6 1 1 1 1 16 1 1 1 45 1 2 31 1 1 1 1 38 40 2 52 54 2 1 3 89 92 95 98 100 1 107 3 1591 2 1 1 1 1 1 3 115 110 1 1 7 6 5 4 3 2 1 4 1 2 5 1 1 2 2 1 1 1 1 1 3 5 3
1 1 1 3 4 4 5 3 1 2 1 55 1 8 1 1 20 1 2 42 4 1 1 21 1 1 2 1 1 19 1 1 1 47 1 1 2 34 1 1 2 2 1 45 3 1 1 1 1 1 1 1 1 1 1 1 113 1585 14 12 4 2 1 1 1 1 3 106 104 1 1 1 1 1 1 5 1 3 6 1 1 15 12 7 5 3 1 1 1 1 1 1
1 1 11 8 1 5 13 2 1 1 61 1 1 11 1 2 21 1 47 1 1 1 1 24 1 1 4 1 1 22 1 1 2 3 49 1 1 39 2 1 1 1 2 1 1 1 1 1 2 1 1 1 1 2 3 4 1 1457 1 1 7 4 3 2 1 1 1 1 1 93 92 89 1 1 11 8 1 4 38 31 28 10 8 5 2 1 2 1 5 3 2 1
15 13 1 1 2 21 1 2 1 1 64 1 1 12 1 25 1 2 50 1 1 1 1 27 1 2 5 2 1 24 1 1 2 1 4 51 2 41 1 1 1 1 2 1 1 1 1 2 1 4 1 2 2 1 1 1 1 1454 5 4 1 2 1 1 1 1 1 93 92 90 1 1 85 13 1 1 1 44 1 1 1 1 1 1 2 1 1 10 1 1 1 2
1 34 32 30 25 1 1 1 2 1 66 1 2 41 27 1 1 54 1 1 2 2 1 30 1 3 6 3 1 4 31 34 37 2 1 6 60 42 1 3 1 1 2 7 2 1 3 3 2 5 1 4 1 3 6 8 9 1 1437 1 2 1 1 1 4 105 103 1 1 1 87 83 1 70 68 2 50 4 3 2 1 1 1 1 1 1 1 15 2 5 3 1
36 1 1 1 1 1 2 1 1 70 1 1 46 1 1 1 59 3 1 1 4 3 1 32 1 4 7 4 1 1 1 1 1 41 1 1 2 63 107 6 1 1 1 1 12 5 1 1 4 3 7 12 2 1 1 1 1 465 1435 4 3 2 1 1 111 1 2 5 2 2 1 1 81 1 1 64 13 10 1 1 2 2 2 2 1 2 1 23 7 1 2 4
1 1 1 1 1 1 1 5 2 74 1 1 48 2 1 64 3 1 1 1 10 1 2 34 1 5 8 5 3 2 1 1 1 2 43 1 1 1 1 114 2 1 1 1 1 18 26 28 5 9 1 1 449 455 458 461 464 1 965 3 2 1 1 115 2 1 1 1 1 1 1 1 3 76 74 1 1 1 8 7 3 3 3 2 1 1 27 2 1 1 7 2
454 2 3 2 1 2 1 84 76 1 1 1 53 1 2 67 1 1 1 1 11 1 38 1 1 1 14 11 2 1 1 1 11 17 64 66 68 69 163 278 282 1 1 2 3 1 1 1 29 1 428 434 3 1 1 1 1 1 960 2 1 1 1 120 1 1 1 1 1 1 1 1 1 1 1 71 68 66 2 1 53 52 7 1 1 34 4 1 1 12 3 2
1 449 443 4 1 1 88 1 1 1 1 1 54 1 72 1 1 1 1 3 1 52 1 1 2 45 12 3 1 1 1 8 4 1 1 1 1 90 1 1 3 293 1 1 1 2 1 382 414 417 3 1 1 1 1 1 1 2 956 1 1 1 2 147 26 24 21 19 17 14 11 7 4 1 1 1 1 1 62 59 4 1 41 39 38 2 1 1 14 4 3 1
3 2 1 434 431 427 329 328 324 3 1 2 130 74 1 1 1 3 2 4 54 1 1 54 52 3 17 3 1 1 5 2 1 1 1 3 82 88 1 1 1 4 295 1 1 1 380 1 1 1 1 1 1 2 1 4 1 148 244 560 1 2 166 16 1 1 1 1 1 1 2 1 1 1 3 2 1 1 1 1 1 1 1 1 2 1 1 2 19 2 1 2
2 1 1 1 2 5 3 2 1 318 313 308 2 1 2 1 1 1 6 1 126 66 64 6 1 2 8 2 2 1 1 1 1 2 4 77 1 4 1 1 2 1 33 332 336 337 375 2 1 1 2 3 4 1 3 1 145 1 1 242 557 168 1 1 14 13 11 8 3 2 1 1 1 5 1 1 1 1 1 1 1 1 1 4 1 1 4 20 3 1 1 8
1 1 1 1 1 3 2 1 1 3 3 1 172 162 1 1 1 3 141 134 3 1 2 2 3 1 4 3 1 1 1 2 1 1 48 1 23 1 1 2 3 1 31 2 2 2 1 32 1 1 2 1 1 6 30 31 139 1 241 1 386 1 1 1 1 1 1 1 2 1 1 2 6 1 1 1 3 7 2 1 1 5 1 1 7 6 1 21 20 16 11 1
1 1 2 1 1 1 1 1 1 1 2 3 1 5 158 155 151 145 1 3 1 1 1 1 1 1 3 1 1 1 1 1 23 25 21 1 22 1 1 1 1 26 3 1 1 1 1 30 1 1 5 13 16 20 1 4 107 1 239 1 383 1 23 19 2 1 4 3 2 1 11 7 2 1 1 16 10 1 2 1 1 8 2 1 14 51 50 26 2 1 1 1
1 1 5 4 1 1 1 2 1 1 1 1 1 3 2 2 1 1 1 1 1 1 1 1 1 1 1 1 2 4 6 18 1 18 1 1 20 1 1 3 15 6 1 1 1 1 2 27 1 3 2 2 1 3 2 1 102 1 237 1 1 379 1 1 15 5 1 1 1 12 1 1 1 4 20 2 1 1 2 1 1 1 10 75 57 3 1 2 1 1 -9999 -9999
1 1 1 11 1 1 6 1 1 1 1 1 1 1 1 1 1 1 1 1 1 1 25 22 8 5 3 1 1 2 7 3 1 17 1 1 17 1 1 1 9 3 2 1 2 17 20 1 2 2 1 1 1 1 1 1 100 1 234 1 354 2 1 1 3 6 4 2 14 1 1 3 6 21 1 1 1 3 1 1 2 1 90 4 1 2 2 1 1 -9999 -9999 -9999
2 1 3 12 1 2 8 1 2 2 2 2 1 1 1 1 1 3 42 40 38 35 5 1 12 1 1 2 1 2 2 2 1 8 5 1 12 1 1 6 2 2 1 3 10 3 1 1 1 1 1 2 3 4 1 1 97 1 232 1 1 349 1 1 1 1 1 1 1 21 5 1 1 192 142 140 5 1 2 1 4 102 10 6 2 1 1 -9999 -9999 -9999 -9999 -9999
225 221 218 213 199 9 1 1 3 3 3 3 4 1 1 4 80 49 6 2 1 3 2 1 7 3 1 1 1 1 1 1 5 2 4 1 6 4 1 3 1 1 2 1 5 2 1 1 1 1 1 2 3 1 7 95 1 1 229 1 1 3 344 342 1 1 2 2 23 1 1 1 196 1 22 1 133 131 128 123 112 1 1 2 5 2 1 -9999 -9999 -9999 -9999 -9999
1 1 1 1 3 183 180 176 172 160 4 8 1 1 1 88 3 26 1 2 1 1 1 1 3 3 1 -9999 -9999 -9999 -9999 1 2 1 3 2 3 2 1 1 1 1 1 3 1 1 1 3 6 2 1 2 1 5 86 1 1 1 224 2 1 1 1 3 336 292 289 285 279 1 205 203 4 1 19 1 1 1 2 5 5 3 1 1 1 1 -9999 -9999 -9999 -9999 -9999 -9999
1 1 1 1 1 2 2 2 1 7 152 139 129 109 106 2 1 2 25 1 1 1 1 1 2 1 1 -9999 -9999 -9999 -9999 -9999 1 1 1 1 1 1 1 -9999 -9999 -9999 1 1 2 3 4 1 1 7 3 1 3 1 79 1 1 1 222 3 2 1 1 1 43 1 1 1 2 253 1 1 1 1 1 17 1 1 1 4 2 2 1 -9999 -9999 -9999 -9999 -9999 -9999 -9999 -9999 -9999
33 28 1 1 1 1 1 1 5 1 12 1 18 1 12 2 1 1 23 1 1 7 5 1 1 -9999 -9999 -9999 -9999 -9999 -9999 -9999 -9999 -9999 -9999 -9999 -9999 -9999 -9999 -9999 -9999 -9999 1 3 5 10 11 19 22 31 36 39 1 74 2 1 3 114 101 2 1 3 1 1 13 29 1 1 1 5 41 39 1 1 1 15 10 1 1 2 1 1 1 -9999 -9999 -9999 -9999 -9999 -9999 -9999 -9999 -9999
