solo30s/topo/adem.txt
ncols	 336
nrows	 204
xllcorner	 110.2
yllcorner	 -8.3
cellsize	 0.00833333333333
NODATA_value  -9999 
[rows 69 to 91 of 148, columns 156 to 207 of 336]
-9999, -9999, -9999, -9999, -9999, -9999, -9999, -9999, -9999, -9999, -9999, -9999, -9999, -9999, -9999, -9999, -9999, -9999,120.00,115.00,113.00,113.50,116.00,123.00,131.00,123.00,118.00,99.00,89.25,88.50,88.50,79.68,79.67,82.00,88.00,85.00,84.00,80.00,74.91,83.00,89.00,92.00,94.00,93.00,89.00,83.00,80.00,74.50,72.00,73.50,74.00,71.00,71.00,72.00,69.00,69.00,67.91,67.91,67.91,68.00,67.90,82.00,67.90,67.89,67.89,67.88,67.00,67.00,76.00,84.00,97.00,89.00,85.00,64.34,63.88,78.00,73.00,81.00,77.00,58.99,57.51,61.00,73.00,73.00,72.00,91.00,116.00,128.00,106.00,79.00,62.00,69.00,49.61,75.00,90.00,107.00,124.00,125.00,131.00,135.00,144.00,150.00,152.00,152.00,163.00,150.00,162.00,153.00,163.00,167.00,157.00,168.00,215.00,234.00,262.00,217.00,197.00,205.00,177.00,169.00,162.00,167.00,181.00,180.00,161.00,160.00,161.00,152.00,152.00,165.00,169.00,169.00,180.00,243.00,241.00,283.00,243.00,244.00,181.00,142.00,127.50,125.43,125.44,144.00,134.00,96.50,124.00,139.00,144.00,128.00,120.00,128.00,133.00,121.00,103.00,112.00,105.00,116.00,126.00,125.00,123.00,121.00,113.00,98.00,104.00,107.00,103.00,101.00,103.00,110.00, -9999, -9999, -9999, -9999, -9999, -9999, -9999, -9999, -9999, -9999, -9999, -9999, -9999, -9999, -9999, -9999, -9999, -9999, -9999, -9999, -9999, -9999, -9999, -9999, -9999, -9999, -9999, -9999, -9999, -9999, -9999, -9999, -9999, -9999,
-9999, -9999, -9999, -9999, -9999, -9999, -9999, -9999, -9999, -9999, -9999, -9999, -9999, -9999, -9999, -9999, -9999, -9999, -9999, -9999, -9999, -9999, -9999, -9999, -9999, -9999, -9999, -9999, -9999, -9999, -9999, -9999, -9999, -9999, -9999, -9999, -9999, -9999, -9999, -9999, -9999, -9999, -9999, -9999, -9999, -9999, -9999, -9999,140.00,141.00,154.00,144.00,130.00,118.00,113.00,104.00,101.50,94.00,83.50,83.50,78.00,79.81,79.69,76.17,76.17,77.00,76.30,75.77,75.09,75.09,74.91,75.47,75.54,75.55,75.50,75.50,75.00,75.00,76.00,76.00,75.00,76.00,78.00,77.00,73.00,74.00,74.00,71.00,74.00,76.00,76.00,75.00,75.00,76.00,79.00,69.67,71.00,72.00,75.00,68.00,74.00,80.00,71.25,74.75,78.00,80.00,76.00,61.00,60.01,59.00,58.00,57.00,58.00,55.00,61.00,57.00,61.00,58.00,61.00,64.00,71.00,79.00,74.00,49.61,81.00,75.00,78.00,97.00,117.00,142.00,133.00,137.00,135.00,130.00,136.00,140.00,119.00,126.00,122.00,135.00,154.00,155.00,164.00,157.00,158.00,171.00,162.00,166.00,165.00,171.00,189.00,221.00,266.00,289.00,261.00,228.00,204.00,189.00,177.00,162.00,197.00,192.00,181.49,206.00,277.00,227.00,246.00,176.00,147.00,144.00,128.49,139.00,126.17,126.34,133.00,107.00,109.00,117.00,108.50,116.00,128.00,153.00,161.00,158.00,141.00,124.00,121.00,138.00,133.00,144.00,161.00,165.00,153.00,135.00,137.00,131.00,145.00,160.00,148.00,146.00,148.00, -9999, -9999, -9999, -9999,
-9999, -9999 -9999, -9999, -9999, -9999, -9999, -9999, -9999, -9999, -9999, -9999, -9999, -9999, -9999, -9999, -9999, -9999, -9999, -9999, -9999, -9999, -9999, -9999, -9999, -9999, -9999, -9999, -9999, -9999, -9999, -9999, -9999, -9999, -9999, -9999, -9999, -9999, -9999, -9999, -9999, -9999, -9999, -9999, -9999, -9999, -9999, -9999, -9999, -9999, -9999, -9999,
-9999, -9999, -9999, -9999, -9999, -9999, -9999, -9999, -9999, -9999, -9999, -9999, -9999, -9999, -9999, -9999, -9999, -9999, -9999, -9999, -9999, -9999, -9999, -9999, -9999, -9999, -9999, -9999, -9999, -9999, -9999, -9999, -9999, -9999 -9999, -9999, -9999, -9999, -9999, -9999, -9999, -9999, -9999, -9999, -9999, -9999, -9999, -9999, -9999, -9999, -9999, -9999,
-9999, -9999, -9999, -9999, -9999, -9999, -9999, -9999, -9999, -9999, -9999, -9999, -9999, -9999, -9999, -9999, -9999, -9999, -9999, -9999, -9999, -9999, -9999, -9999, -9999, -9999, -9999, -9999, -9999, -9999, -9999, -9999, -9999, -9999, -9999, -9999, -9999, -9999, -9999, -9999, -9999, -9999, -9999, -9999, -9999, -9999, -9999, -9999, -9999, -9999, -9999, -9999,
-9999, -9999, -9999, -9999, -9999, -9999, -9999, -9999, -9999, -9999, -9999, -9999, -9999, -9999, -9999, -9999, -9999, -9999, -9999, -9999, -9999, -9999, -9999, -9999, -9999, -9999, -9999, -9999, -9999, -9999, -9999, -9999, -9999, -9999, -9999, -9999, -9999, -9999, -9999, -9999, -9999, -9999, -9999, -9999, -9999, -9999, -9999, -9999, -9999, -9999, -9999, -9999,
-9999, -9999, -9999, -9999, -9999, -9999, -9999, -9999, -9999, -9999, -9999, -9999, -9999, -9999, -9999, -9999, -9999, -9999, -9999, -9999, -9999, -9999, -9999, -9999, -9999, -9999, -9999, -9999, -9999, -9999, -9999, -9999, -9999, -9999, -9999, -9999, -9999, -9999, -9999, -9999, -9999, -9999, -9999, -9999, -9999, -9999, -9999, -9999, -9999, -9999, -9999, -9999,
-9999, -9999, -9999, -9999, -9999, -9999, -9999, -9999, -9999, -9999, -9999, -9999, -9999, -9999, -9999, -9999, -9999, -9999, -9999, -9999, -9999, -9999, -9999, -9999, -9999, -9999, -9999, -9999, -9999, -9999, -9999, -9999, -9999, -9999, -9999, -9999, -9999, -9999, -9999, -9999, -9999, -9999, -9999, -9999, -9999, -9999, -9999, -9999, -9999, -9999, -9999, -9999,
-9999, -9999, -9999, -9999, -9999, -9999, -9999, -9999, -9999, -9999, -9999, -9999, -9999, -9999, -9999, -9999, -9999, -9999, -9999, -9999, -9999, -9999, -9999, -9999, -9999, -9999, -9999, -9999, -9999, -9999, -9999, -9999, -9999, -9999, -9999, -9999, -9999, -9999, -9999, -9999, -9999, -9999, -9999, -9999, -9999, -9999, -9999, -9999, -9999, -9999, -9999, -9999,
-9999, -9999, -9999, -9999, -9999,1563.00,1477.00,1387.00,1312.00,1178.00,1043.00,937.00,854.00,827.00,772.00,718.00,657.00,608.00,564.00,524.00,486.00,453.00,418.00,392.00,368.00,350.00,306.00,309.00,285.00,251.00,204.00,186.99,179.00,164.66,164.00,158.00,152.00,142.00,145.00,130.00,122.76,121.00,117.17,117.75,113.00,114.00,113.00,122.00,144.00,160.00,164.00,149.00,118.00,105.00,102.00,96.00,86.16,86.17,85.00,86.00,88.00,90.00,94.00,128.00,160.00,169.00,160.00,146.00,148.00,156.00,169.00,183.00,196.00,205.00,220.00,220.00,232.00,229.00,230.51,230.49,252.00,253.00,282.00,313.00,276.00,276.00,352.00,386.00,358.00,400.00,435.00,344.00,411.00,395.00,383.00,370.00,358.00,366.00,355.00,319.00,261.00,261.00,232.00,203.00,185.00,167.00,150.00,141.00,126.00,106.00,98.00,95.50,95.00,89.00,76.50,76.50,72.00,67.00,65.00,64.00,60.00,60.00,58.00,56.00,52.00,52.00,51.00,50.97,50.97,51.61,51.61,51.41,52.14,54.00,54.00,55.00,56.00,57.00,60.00,62.00,64.00,63.00,64.00,66.00,67.50,69.00,73.00,75.00,78.00,82.00,81.00,83.00,85.00,89.50,95.00,103.00,118.00,127.99,134.00,156.00,163.00,190.00, -9999, -9999, -9999, -9999, -9999, -9999, -9999, -9999, -9999, -9999, -9999, -9999, -9999, -9999, -9999, -9999, -9999, -9999, -9999, -9999, -9999, -9999, -9999, -9999, -9999, -9999, -9999, -9999, -9999, -9999, -9999, -9999, -9999, -9999, -9999, -9999, -9999, -9999, -9999, -9999, -9999, -9999, -9999, -9999, -9999, -9999, -9999,
-9999, -9999, -9999, -9999, -9999, -9999, -9999, -9999, -9999, -9999, -9999, -9999, -9999, -9999, -9999, -9999, -9999, -9999, -9999, -9999, -9999, -9999, -9999, -9999, -9999, -9999,1947.00,1792.00,1572.00,1414.00,1294.00,1188.00,1088.00,1004.00,925.00,857.00,790.00,727.00,664.00,612.00,563.00,520.00,482.00,450.00,447.00,437.00,358.00,335.00,297.00,272.00,234.00,217.99,197.00,188.00,174.00,166.00,157.49,151.00,144.49,144.50,136.00,127.50,122.75,117.16,119.00,114.00,110.00,106.00,104.00,108.00,113.00,129.00,131.00,121.00,113.00,107.00,94.00,88.50,88.50,90.00,93.00,95.50,95.50,97.00,98.00,120.00,162.00,167.00,164.00,171.01,170.99,176.00,189.00,195.67,222.00,240.00,258.00,258.00,300.00,299.00,301.00,284.00,301.00,333.00,337.00,347.00,408.00,422.00,419.00,419.00,433.00,441.00,506.00,506.00,518.00,495.00,493.00,458.00,458.00,442.00,400.00,366.00,333.00,290.00,261.00,241.00,218.00,195.00,170.00,156.00,141.00,137.00,130.00,127.00,113.00,103.00,86.50,86.50,81.00,79.00,74.00,67.50,67.50,68.34,65.50,60.00,55.00,55.00,51.69,51.60,51.27,51.27,52.54,52.54,52.15,53.64,53.93,54.00,55.25,56.51,59.00,58.00,59.00,61.00,63.00,64.00,66.00,68.50,71.00,70.67,73.00,76.00,79.00,81.00,85.00,92.34,93.00,97.50,99.00,110.00,122.00,138.00,145.00, -9999, -9999, -9999, -9999, -9999, -9999, -9999, -9999, -9999, -9999, -9999, -9999, -9999, -9999, -9999, -9999, -9999, -9999, -9999, -9999, -9999, -9999, -9999, -9999, -9999, -9999,
-9999, -9999, -9999, -9999, -9999, -9999, -9999, -9999, -9999, -9999, -9999, -9999, -9999, -9999, -9999, -9999, -9999, -9999 -9999, -9999, -9999, -9999, -9999, -9999, -9999, -9999, -9999, -9999, -9999, -9999, -9999, -9999, -9999, -9999, -9999, -9999, -9999, -9999, -9999, -9999, -9999, -9999, -9999, -9999, -9999, -9999, -9999, -9999,2511.00,2236.00,1778.00,1463.00,1298.00,1186.00,1078.00,991.00,908.00,836.00,760.00,695.00,634.00,583.00,540.00,502.00,469.00,441.00,403.00,368.00,338.00,310.00,262.00,260.00,242.00,222.00,205.00,186.00,173.01,165.01,157.51,151.00,145.00,139.00,133.51,129.00,125.00,119.00,113.50,110.00,107.00,103.00,102.00,103.00,103.00,114.00,125.00,127.00,114.00,109.00,91.85,93.00,92.00,96.00,99.00,104.00,106.50,106.50,110.00,125.00,125.00,162.00,179.00,193.00,210.00,219.00,224.00,238.00,249.00,267.00,290.00,317.00,333.32,354.00,370.00,353.00,394.00,433.00,416.00,481.00,484.00,617.00,584.00,582.00,582.00,610.00,636.00,663.00,655.00,653.00,628.00,605.00,577.00,520.00,466.00,415.00,372.00,353.00,326.00,286.00,245.00,218.00,198.00,170.00,170.00,164.00,143.00,130.99,119.00,104.50,104.50,97.00,92.00,88.00,82.00,78.50,76.00,67.66,67.67,62.00,59.66,59.68,58.00,56.00,53.00,53.00,53.00,53.00,54.00,54.51,54.50,55.24,55.25,55.50,56.00,57.00,59.00,61.00,61.49,63.00,64.00,67.00,67.00,71.00,75.00,76.50,77.00,81.00,83.50,87.00,92.32,97.00,113.00,106.00,123.00,135.00,133.00, -9999, -9999, -9999, -9999,
-9999, -9999, -9999, -9999, -9999, -9999, -9999, -9999, -9999, -9999, -9999, -9999, -9999, -9999, -9999, -9999, -9999, -9999, -9999, -9999, -9999, -9999, -9999, -9999, -9999, -9999, -9999, -9999, -9999, -9999, -9999, -9999, -9999, -9999, -9999, -9999, -9999, -9999, -9999, -9999, -9999 -9999, -9999, -9999, -9999, -9999, -9999, -9999, -9999, -9999, -9999, -9999,
-9999, -9999, -9999, -9999, -9999, -9999, -9999, -9999, -9999, -9999, -9999, -9999, -9999, -9999, -9999, -9999, -9999, -9999, -9999, -9999, -9999, -9999, -9999, -9999, -9999, -9999, -9999, -9999, -9999, -9999, -9999, -9999, -9999, -9999, -9999, -9999, -9999, -9999, -9999, -9999, -9999, -9999, -9999, -9999, -9999, -9999, -9999, -9999, -9999, -9999, -9999, -9999,
-9999, -9999, -9999, -9999, -9999, -9999, -9999, -9999, -9999, -9999, -9999, -9999, -9999, -9999, -9999, -9999, -9999, -9999, -9999, -9999, -9999, -9999, -9999, -9999, -9999, -9999, -9999, -9999, -9999, -9999, -9999, -9999, -9999, -9999, -9999, -9999, -9999, -9999, -9999, -9999, -9999, -9999, -9999, -9999, -9999, -9999, -9999, -9999, -9999, -9999, -9999, -9999,
-9999, -9999, -9999, -9999, -9999, -9999, -9999, -9999, -9999, -9999, -9999, -9999, -9999, -9999, -9999, -9999, -9999, -9999, -9999, -9999, -9999, -9999, -9999, -9999, -9999, -9999, -9999, -9999, -9999, -9999, -9999, -9999, -9999, -9999, -9999, -9999, -9999, -9999, -9999, -9999, -9999, -9999, -9999, -9999, -9999, -9999, -9999, -9999, -9999, -9999, -9999, -9999,
-9999, -9999, -9999, -9999, -9999, -9999, -9999, -9999, -9999, -9999,733.00,698.00,658.00,632.00,605.00,576.00,543.00,506.99,483.00,452.00,426.00,400.00,374.49,354.00,332.00,314.00,293.00,273.00,252.00,231.51,212.01,196.00,182.51,170.01,160.51,154.68,147.00,140.68,133.01,128.00,123.00,113.67,113.67,110.00,106.50,106.50,104.00,99.00,95.00,94.00,92.33,94.00,93.00,92.31,92.31,95.00,98.00,105.00,110.00,113.00,117.00,124.00,128.00,132.66,141.00,147.00,156.00,156.00,181.51,194.66,211.51,226.00,221.00,273.00,317.00,356.00,398.00,438.00,470.00,494.00,528.00,559.00,604.00,648.00,706.00,760.00,825.00,876.00,1023.00,1176.00,1357.00,1574.00,1830.00,2111.00,2454.00,2797.00,2891.00,2771.00,2407.00,2005.00,1661.00,1347.00,1063.00,878.00,710.00,628.00,555.51,502.01,452.51,408.00,369.00,324.00,302.00,281.00,260.00,239.00,214.00,193.00,175.00,162.00,156.00,146.00,134.00,126.00,116.00,110.00,101.50,95.50,89.00,83.00,77.00,72.00,66.00,64.56,64.56,65.00,65.00,63.00,64.50,64.50,64.00,69.00,70.00,72.00,83.00,94.00,94.00,108.00,117.00,126.00,133.99,145.00,163.51,166.00,159.00,159.00,156.00,172.00,190.00, -9999, -9999, -9999, -9999, -9999, -9999, -9999, -9999, -9999, -9999, -9999, -9999, -9999, -9999, -9999, -9999, -9999, -9999, -9999, -9999, -9999, -9999, -9999, -9999, -9999, -9999, -9999, -9999, -9999, -9999, -9999, -9999, -9999, -9999, -9999, -9999, -9999, -9999, -9999, -9999, -9999, -9999,
-9999, -9999, -9999, -9999, -9999, -9999, -9999, -9999, -9999, -9999, -9999, -9999, -9999, -9999 -9999, -9999, -9999, -9999, -9999, -9999, -9999, -9999, -9999, -9999, -9999, -9999, -9999, -9999, -9999, -9999, -9999, -9999, -9999, -9999, -9999, -9999, -9999, -9999, -9999, -9999, -9999, -9999, -9999, -9999, -9999, -9999, -9999,616.00,558.00,571.00,544.00,501.00,501.00,474.00,445.00,404.00,404.00,383.00,359.00,339.00,314.00,297.00,279.00,264.00,246.00,230.00,212.00,198.00,186.00,171.00,160.00,152.00,144.00,136.00,132.00,123.00,123.00,118.00,114.00,110.00,105.00,103.00,101.00,100.00,96.00,95.00,92.70,93.00,92.61,92.61,95.00,96.00,98.00,100.00,102.50,107.00,107.00,113.00,119.50,123.00,135.00,144.00,146.51,161.00,172.00,185.00,200.00,217.00,233.00,255.00,274.99,301.49,333.00,351.00,387.00,439.00,443.00,491.00,566.00,644.00,693.00,726.00,775.00,841.00,925.00,1082.00,1306.00,1533.00,1725.00,1964.00,2275.00,2647.00,3026.00,3130.00,2852.00,2430.00,2002.00,1650.00,1330.00,1119.00,892.00,761.00,671.00,570.00,510.00,459.00,431.00,396.00,367.00,338.00,309.00,279.00,245.00,231.00,211.49,199.00,185.00,172.00,157.00,145.00,134.00,122.00,110.00,106.00,99.00,89.00,82.00,77.00,73.50,70.00,69.00,68.00,69.00,70.00,69.00,70.00,69.00,72.00,75.00,77.33,77.67,88.00,119.00,131.51,142.00,145.00,145.00,190.00,188.00,206.00,211.00,229.00,218.00,188.00,215.00,230.00, -9999, -9999, -9999, -9999, -9999,
-9999, -9999, -9999, -9999, -9999, -9999, -9999, -9999, -9999, -9999, -9999, -9999, -9999, -9999, -9999, -9999, -9999, -9999, -9999, -9999, -9999, -9999, -9999, -9999, -9999, -9999, -9999, -9999, -9999, -9999, -9999, -9999, -9999, -9999, -9999, -9999, -9999, -9999, -9999, -9999, -9999, -9999, -9999, -9999, -9999, -9999, -9999, -9999, -9999, -9999, -9999, -9999
-9999, -9999, -9999, -9999, -9999, -9999, -9999, -9999, -9999, -9999, -9999, -9999, -9999, -9999, -9999, -9999, -9999, -9999, -9999, -9999, -9999, -9999, -9999, -9999, -9999, -9999, -9999, -9999, -9999, -9999, -9999, -9999, -9999, -9999, -9999, -9999, -9999, -9999, -9999, -9999, -9999, -9999, -9999, -9999, -9999, -9999, -9999, -9999, -9999, -9999, -9999, -9999,
-9999, -9999, -9999, -9999, -9999, -9999, -9999, -9999, -9999, -9999, -9999, -9999, -9999, -9999, -9999, -9999, -9999, -9999, -9999, -9999, -9999, -9999, -9999, -9999, -9999, -9999, -9999, -9999, -9999, -9999, -9999, -9999, -9999, -9999, -9999, -9999, -9999, -9999, -9999, -9999, -9999, -9999, -9999, -9999, -9999, -9999, -9999, -9999, -9999, -9999, -9999, -9999,
-9999, -9999, -9999, -9999, -9999, -9999, -9999, -9999, -9999, -9999, -9999, -9999, -9999, -9999, -9999, -9999, -9999, -9999, -9999,294.00,287.00,275.00,263.00,252.00,223.67,223.66,217.00,207.49,207.51,197.00,186.00,182.00,179.00,174.00,166.00,159.00,144.67,144.67,139.00,133.51,127.00,119.00,117.00,113.00,112.00,108.00,106.00,102.00,99.00,99.50,98.00,96.31,97.00,100.00,96.52,96.52,98.00,97.85,99.00,101.00,104.00,104.00,107.00,106.00,113.00,119.00,125.00,127.00,139.00,152.00,166.00,178.00,188.00,203.00,214.00,229.00,251.00,275.00,298.00,319.00,348.00,377.00,402.00,439.00,476.00,520.00,567.00,617.00,670.00,736.00,789.00,841.00,931.00,1025.00,1095.00,1202.00,1345.00,1333.00,1449.00,1632.00,1928.00,2048.00,1904.00,1693.00,1381.00,1186.00,1096.00,972.00,893.00,830.00,768.00,668.00,586.00,576.00,519.00,456.00,415.00,370.00,344.00,317.00,305.00,287.00,263.00,235.00,208.00,182.00,163.00,143.49,143.00,136.00,125.00,117.00,108.00,98.00,87.00,83.50,82.00,78.33,77.00,76.00,76.00,82.00,85.00,89.00,92.00,97.00,110.01,132.01,149.00,171.00,190.00,212.00,238.00,279.00,298.00,323.51,348.00,370.00,390.00,406.00,436.00,403.00,435.00,438.00,460.00,467.00, -9999, -9999, -9999, -9999, -9999, -9999, -9999, -9999, -9999, -9999, -9999, -9999, -9999, -9999, -9999, -9999, -9999, -9999, -9999, -9999, -9999, -9999, -9999, -9999, -9999, -9999, -9999, -9999, -9999, -9999, -9999, -9999, -9999,
-9999, -9999, -9999, -9999, -9999, -9999, -9999, -9999, -9999, -9999, -9999, -9999, -9999, -9999, -9999, -9999, -9999, -9999, -9999, -9999, -9999, -9999, -9999, -9999, -9999 -9999, -9999, -9999, -9999, -9999, -9999, -9999, -9999, -9999, -9999, -9999, -9999, -9999, -9999, -9999, -9999, -9999, -9999, -9999, -9999, -9999, -9999, -9999, -9999, -9999, -9999, -9999,
