solo30s/topo/dem.txt
ncols         336
nrows         204
xllcorner     110.2
yllcorner     -8.3
cellsize      0.0083333333333333
NODATA_value  -9999
[rows 38 to 75 of 204, columns 170 to 254 of 336]
89 81 83 85 73 65 66 73 72 82 97 107 96 88 88 102 90 96 117 179 -9999 -9999 -9999 -9999 -9999 -9999 -9999 -9999 -9999 -9999 -9999 -9999 -9999 -9999 -9999 -9999 -9999 -9999 -9999 -9999 -9999 -9999 -9999 -9999 -9999 -9999 -9999 -9999 -9999 -9999 -9999 -9999 -9999 -9999 -9999 -9999 -9999 -9999 -9999 -9999 -9999 -9999 -9999 -9999 -9999 -9999 -9999 -9999 -9999 -9999 -9999 -9999 -9999 -9999 -9999 -9999 -9999 -9999 -9999 -9999 -9999 -9999 -9999 -9999 67
106 92 94 93 86 63 67 73 82 91 95 122 114 106 105 111 107 101 144 215 -9999 -9999 -9999 265 255 232 -9999 -9999 -9999 -9999 -9999 -9999 -9999 -9999 -9999 -9999 -9999 -9999 -9999 -9999 -9999 -9999 -9999 -9999 -9999 -9999 -9999 -9999 -9999 -9999 -9999 -9999 -9999 -9999 -9999 -9999 -9999 -9999 -9999 -9999 -9999 -9999 -9999 -9999 -9999 -9999 -9999 -9999 -9999 -9999 -9999 -9999 -9999 -9999 -9999 -9999 -9999 -9999 -9999 -9999 -9999 34 38 76 73
140 123 113 93 91 75 65 59 58 59 62 75 106 127 130 132 117 111 140 199 234 -9999 208 199 211 234 246 251 259 -9999 257 221 231 247 230 229 -9999 -9999 -9999 -9999 -9999 -9999 -9999 -9999 -9999 -9999 -9999 -9999 -9999 -9999 -9999 -9999 -9999 -9999 -9999 -9999 -9999 -9999 -9999 -9999 -9999 -9999 -9999 -9999 -9999 -9999 -9999 -9999 -9999 -9999 -9999 -9999 -9999 -9999 -9999 -9999 -9999 -9999 -9999 24 39 33 24 54 52
158 159 157 153 130 133 103 75 68 58 53 55 67 83 122 144 150 137 126 145 269 241 206 195 163 162 205 262 283 273 233 189 178 179 179 179 -9999 -9999 -9999 -9999 -9999 -9999 -9999 -9999 -9999 -9999 -9999 -9999 -9999 -9999 -9999 -9999 -9999 -9999 -9999 -9999 -9999 -9999 -9999 -9999 -9999 -9999 -9999 -9999 -9999 -9999 -9999 -9999 -9999 -9999 -9999 -9999 -9999 -9999 -9999 36 31 31 25 19 31 26 20 25 30
180 207 199 166 133 131 115 92 85 69 53 50 49 50 59 75 98 130 149 169 205 215 192 201 170 159 156 159 183 191 173 173 176 178 181 185 -9999 -9999 -9999 -9999 -9999 -9999 -9999 -9999 -9999 -9999 -9999 -9999 -9999 -9999 -9999 -9999 -9999 -9999 -9999 -9999 -9999 -9999 -9999 -9999 -9999 -9999 -9999 -9999 -9999 -9999 -9999 -9999 -9999 -9999 -9999 -9999 -9999 -9999 42 31 30 28 22 16 26 18 14 20 21
227 242 241 192 146 115 81 80 86 69 57 52 48 46 45 47 55 65 77 87 105 143 151 165 192 206 193 180 169 165 177 190 207 193 192 201 -9999 -9999 -9999 -9999 -9999 -9999 -9999 -9999 -9999 -9999 -9999 -9999 -9999 -9999 -9999 -9999 -9999 -9999 -9999 -9999 -9999 -9999 -9999 -9999 -9999 -9999 -9999 -9999 -9999 -9999 -9999 -9999 49 39 55 38 24 37 37 26 24 19 19 13 15 11 9 10 10
226 192 184 138 117 93 83 78 68 62 58 54 48 45 44 45 44 43 48 52 57 89 148 192 240 277 261 223 211 193 188 203 209 218 217 213 -9999 -9999 -9999 -9999 -9999 -9999 -9999 -9999 -9999 -9999 -9999 -9999 -9999 -9999 -9999 -9999 -9999 -9999 -9999 -9999 -9999 -9999 -9999 -9999 -9999 -9999 -9999 -9999 -9999 -9999 49 47 34 31 39 27 20 21 18 10 8 7 7 8 6 8 8 8 7
167 148 142 130 107 91 88 78 67 61 56 52 49 46 43 42 41 40 40 43 45 57 103 163 212 256 252 223 238 211 210 191 195 219 239 236 -9999 -9999 -9999 -9999 -9999 -9999 -9999 -9999 -9999 -9999 -9999 -9999 -9999 -9999 -9999 -9999 -9999 -9999 -9999 -9999 -9999 -9999 -9999 -9999 -9999 55 48 50 58 42 36 34 28 24 18 12 7 8 8 7 7 8 8 7 10 9 7 7 6
178 198 167 136 114 103 91 87 76 67 56 51 47 44 42 40 39 40 39 41 45 71 116 147 200 241 246 225 233 222 245 232 225 222 252 244 -9999 -9999 -9999 -9999 -9999 -9999 -9999 -9999 -9999 -9999 -9999 -9999 -9999 -9999 -9999 -9999 -9999 -9999 -9999 -9999 -9999 -9999 -9999 45 40 40 33 37 78 113 35 18 13 10 7 7 7 8 7 8 7 7 8 9 7 7 7 5 6
246 256 202 163 147 127 100 84 74 63 57 51 47 44 42 40 38 38 38 39 47 68 96 144 193 268 261 240 249 254 262 258 257 246 254 259 269 -9999 -9999 -9999 -9999 -9999 -9999 -9999 -9999 -9999 -9999 -9999 -9999 -9999 -9999 -9999 -9999 -9999 -9999 -9999 -9999 94 101 57 29 30 26 23 25 43 18 13 10 7 7 7 6 8 7 7 7 7 7 7 5 5 5 5 5
179 230 244 186 160 146 115 92 83 70 60 54 49 47 43 40 37 36 37 37 49 57 71 131 209 230 251 243 248 257 264 282 281 280 263 264 277 298 -9999 -9999 -9999 -9999 -9999 -9999 -9999 -9999 -9999 -9999 -9999 -9999 -9999 -9999 -9999 -9999 103 89 73 58 57 39 27 26 22 19 15 13 10 8 7 7 7 8 7 7 8 7 8 8 6 8 5 5 5 6 5
114 136 159 161 164 142 106 91 81 72 61 54 51 49 44 40 37 35 35 35 42 52 81 111 214 222 244 230 232 239 252 262 309 338 289 264 273 290 325 -9999 -9999 -9999 333 313 328 379 -9999 -9999 -9999 -9999 -9999 145 132 112 88 69 55 46 39 30 24 22 21 20 12 8 7 6 7 7 7 7 7 8 9 9 9 8 8 7 5 5 5 5 4
96 103 115 151 172 130 107 98 89 73 64 58 54 51 45 41 38 35 33 35 38 45 77 110 127 194 236 248 210 215 288 276 270 291 313 320 319 372 383 -9999 -9999 348 335 329 343 370 371 371 323 -9999 -9999 208 131 107 94 62 40 32 28 26 22 18 15 17 11 7 7 7 7 7 7 7 7 9 6 6 6 5 5 7 5 6 6 4 5
100 108 107 123 155 135 113 105 101 78 68 61 56 49 46 43 39 35 33 33 36 40 52 92 150 147 155 179 174 132 181 217 245 262 281 282 284 359 434 -9999 420 364 319 306 309 301 270 242 216 209 213 160 117 93 67 42 31 28 23 20 17 13 11 11 7 7 7 6 7 7 7 7 8 8 6 6 6 5 5 6 5 6 5 6 5
106 114 113 147 179 172 152 111 94 92 76 68 62 53 50 46 41 37 34 32 31 33 42 50 89 111 143 124 87 79 97 114 136 161 197 177 234 304 380 381 341 315 293 280 269 252 209 170 156 101 61 41 40 34 28 24 21 19 18 14 10 10 9 8 7 7 7 6 7 7 7 7 9 6 5 5 5 6 5 6 6 5 5 5 4
81 96 110 137 194 193 218 175 132 107 100 82 69 60 57 49 43 40 37 34 33 31 34 42 62 101 85 107 96 113 117 116 185 206 156 156 206 265 306 350 375 376 355 329 271 211 171 164 83 45 27 20 17 17 16 15 14 12 12 11 9 9 9 8 8 8 7 7 7 6 6 9 8 5 5 5 5 6 6 6 6 5 6 5 4
78 72 85 81 126 205 220 238 209 179 115 89 81 68 61 56 50 46 41 39 34 30 29 34 44 67 60 75 79 98 149 172 195 153 114 125 183 236 239 235 244 272 275 232 184 161 115 68 20 16 17 12 11 10 11 11 11 9 10 9 10 8 8 9 8 8 7 5 6 6 6 8 7 6 5 6 5 6 5 6 6 5 5 5 5
88 67 72 70 85 121 160 184 184 232 172 98 90 86 79 64 58 54 48 43 37 32 29 29 31 32 40 48 73 90 115 145 138 112 95 111 163 182 172 156 159 142 129 112 101 66 33 17 12 12 13 11 12 12 13 13 10 10 9 9 9 9 9 9 8 8 7 7 8 7 7 7 7 6 6 8 7 6 7 7 6 6 6 8 8
66 58 63 70 82 92 94 103 128 190 206 144 119 106 90 81 75 65 57 49 43 39 32 30 30 28 26 39 65 88 101 110 119 109 92 93 102 107 97 90 80 69 56 39 26 12 14 14 14 13 13 14 13 14 13 14 12 10 9 10 9 9 9 9 8 9 7 8 8 8 10 9 9 8 6 3 6 7 6 7 7 7 6 6 5
53 62 79 82 75 77 78 80 85 114 168 194 176 163 144 121 90 75 68 58 50 50 41 41 39 37 29 25 43 74 92 87 72 67 69 63 62 65 63 55 45 36 30 20 14 12 13 14 14 13 13 14 12 12 11 14 12 11 11 11 11 10 9 8 9 9 8 11 10 10 9 9 7 7 7 6 7 7 6 6 6 5 6 7 5
55 70 72 79 82 68 79 66 73 64 81 125 134 152 153 146 149 119 88 63 52 45 42 44 48 43 32 24 46 82 95 62 52 52 56 53 47 47 44 38 32 26 22 16 13 13 13 13 15 11 11 11 11 11 11 11 12 13 13 13 14 14 9 8 9 9 11 11 10 9 8 8 7 8 8 8 7 7 6 7 6 5 4 6 6
48 62 67 68 67 63 71 57 56 48 46 50 54 58 67 73 110 105 124 107 71 39 36 34 35 36 35 25 26 51 62 48 45 49 45 43 43 37 32 29 23 21 17 16 13 13 15 15 13 13 12 12 11 11 11 11 10 11 11 12 12 12 11 11 10 10 10 11 10 9 9 9 9 8 10 10 9 8 7 7 6 6 7 7 7
45 53 55 54 59 55 61 48 42 37 32 30 30 34 35 37 45 47 46 55 58 38 36 29 27 31 35 27 22 27 38 37 46 45 39 37 38 34 30 27 23 20 17 14 13 14 14 14 13 13 11 13 11 12 11 11 10 11 11 11 12 12 12 12 12 12 13 10 10 9 10 9 10 9 9 9 8 8 7 6 7 6 6 5 7
46 52 47 48 50 46 50 47 36 33 25 24 23 24 24 24 26 26 23 23 22 24 24 24 24 25 31 37 27 24 34 35 41 46 50 48 40 33 29 26 23 20 17 16 15 15 15 15 14 14 12 14 13 13 14 11 10 11 11 12 11 11 10 10 12 11 11 11 12 11 13 15 14 12 10 11 10 11 8 7 9 8 12 10 10
54 51 41 42 45 41 43 42 33 29 24 24 24 24 23 26 24 23 23 23 24 21 21 22 22 21 20 22 25 30 37 28 30 38 36 36 48 33 32 26 21 18 16 14 15 15 15 15 14 14 13 15 14 13 23 16 14 17 23 21 15 12 11 15 20 21 21 18 22 22 20 25 24 23 15 13 13 14 17 14 13 12 13 14 13
44 44 40 36 33 35 36 29 26 25 24 24 24 23 27 32 27 27 26 23 23 22 22 22 22 22 22 20 20 21 24 25 31 31 28 28 28 21 27 25 22 20 16 14 15 16 16 16 15 14 14 15 14 13 21 26 21 30 25 18 13 22 28 39 49 47 45 47 45 39 41 36 35 21 14 16 22 20 27 26 20 16 15 15 12
33 33 35 31 29 29 28 25 25 25 25 24 24 27 34 33 28 28 33 29 27 27 26 22 21 21 21 20 21 20 20 20 21 22 21 18 17 18 17 16 17 16 18 15 17 15 16 16 15 14 15 15 14 13 13 18 22 23 17 19 15 13 19 27 35 38 40 45 47 49 52 48 39 27 18 21 28 26 30 36 26 20 17 14 13
29 29 29 32 29 27 26 25 26 25 24 24 29 37 35 39 32 31 34 36 30 26 24 23 22 21 20 20 21 20 20 21 20 20 18 17 17 17 16 17 16 15 15 17 16 15 17 16 16 16 17 16 14 15 14 14 14 15 14 14 13 13 13 14 16 18 20 22 25 27 28 30 28 25 19 22 26 31 36 36 26 20 17 16 14
30 29 28 26 26 27 27 26 26 27 25 25 28 36 41 41 35 34 37 37 31 27 26 24 23 20 19 20 20 19 20 21 21 19 17 18 16 17 18 17 16 15 15 17 16 16 18 17 17 17 17 17 16 16 14 14 16 16 15 14 15 15 15 14 14 14 14 15 16 17 18 18 18 18 17 18 20 22 22 23 22 20 19 16 14
30 30 30 27 28 28 29 28 27 28 31 28 34 35 44 44 37 37 40 37 31 28 28 27 24 21 18 19 19 20 20 19 20 18 18 16 16 18 18 17 18 18 17 17 17 16 17 19 18 19 19 17 16 16 16 16 17 17 17 16 16 16 17 15 15 15 16 15 16 17 20 18 20 20 20 20 20 24 24 24 24 21 19 17 16
31 34 35 27 28 30 31 35 33 35 35 41 42 41 45 42 38 41 43 38 32 31 32 28 24 22 19 19 19 19 20 18 18 17 18 18 18 19 19 19 20 18 18 18 17 18 19 19 19 20 19 19 17 16 17 18 18 18 19 17 17 18 17 17 16 16 17 18 18 20 21 20 24 23 22 22 24 25 27 26 26 23 22 20 19
40 42 48 41 34 30 32 33 38 40 37 40 45 44 49 41 41 42 46 41 33 36 34 30 29 25 21 21 20 21 20 19 17 19 18 19 19 20 20 22 20 19 18 19 19 20 20 21 21 21 21 19 19 18 18 20 21 21 20 19 19 20 18 18 17 17 18 18 21 23 23 23 26 26 25 25 27 30 30 30 30 31 28 30 30
44 51 56 46 47 34 38 35 37 43 44 37 42 46 51 47 42 43 49 43 37 41 38 33 29 26 24 23 22 24 21 20 19 21 19 21 22 22 22 23 23 20 21 21 21 20 20 22 23 23 22 21 19 19 21 21 22 22 22 21 22 20 19 20 21 21 22 26 27 28 27 31 32 30 30 30 31 34 32 34 39 37 34 39 34
44 56 54 48 56 38 41 37 36 43 49 42 47 49 52 51 45 47 50 45 40 46 40 35 35 31 28 25 25 24 24 24 25 23 21 21 22 25 25 24 26 23 22 22 22 21 22 23 25 25 24 23 19 20 22 24 25 24 24 23 24 23 23 23 24 29 27 29 36 31 33 38 35 34 36 35 39 41 36 42 47 45 42 45 40
42 50 59 52 46 39 48 39 40 39 46 47 48 54 57 53 48 50 52 51 46 49 43 46 41 33 29 27 27 27 26 27 26 23 25 24 23 27 25 23 25 24 24 24 24 23 25 25 26 26 27 25 22 21 22 25 27 26 27 25 25 26 28 27 27 34 34 32 38 35 35 42 40 42 47 43 52 44 41 50 65 71 68 59 50
46 47 57 58 50 43 50 41 46 44 42 50 49 58 62 55 51 51 56 60 55 56 53 47 40 36 36 31 30 30 31 31 28 28 30 27 27 27 27 26 26 26 26 26 26 24 24 27 28 29 28 28 25 26 27 27 29 29 28 28 27 32 35 32 30 33 38 38 41 41 44 51 61 53 53 49 51 42 40 41 48 60 93 82 62
49 50 56 60 50 49 50 49 47 48 48 45 52 58 65 56 55 55 63 64 56 63 53 45 46 47 43 34 35 36 38 35 31 31 33 31 31 29 30 30 28 28 27 27 29 28 27 27 30 32 31 33 29 33 35 33 32 32 31 31 33 39 38 34 37 40 42 47 54 63 60 52 62 61 58 58 50 45 42 47 45 60 104 111 81
55 53 59 58 51 54 58 56 50 54 49 45 57 58 66 62 60 56 65 60 61 62 54 50 54 50 41 36 40 40 39 38 38 36 37 36 35 31 30 31 30 30 29 29 30 34 32 32 33 34 34 35 36 38 40 37 35 32 35 32 34 40 40 42 45 53 58 69 89 77 63 55 61 71 63 54 51 48 48 54 48 56 80 104 112
