solo30s/topo/dem.txt
ncols         336
nrows         204
xllcorner     110.2
yllcorner     -8.3
cellsize      0.0083333333333333
NODATA_value  -9999
[rows 76 to 113 of 204, columns 170 to 254 of 336]
57 56 62 59 55 61 67 60 54 57 52 51 61 65 68 68 62 61 63 62 67 62 59 59 50 43 43 40 45 42 40 44 45 39 41 38 37 33 32 32 33 34 31 32 31 36 38 39 36 40 37 37 39 46 46 38 35 36 39 37 35 38 46 55 67 81 97 108 87 69 62 58 71 75 66 60 57 54 56 59 55 57 71 88 125
60 62 63 63 58 66 71 60 61 60 53 51 60 69 73 73 65 67 64 66 72 75 71 63 51 52 51 45 51 45 41 47 52 44 43 41 39 38 34 34 36 37 35 35 34 35 40 45 41 43 39 42 39 45 46 42 39 43 41 40 37 44 64 87 105 122 129 107 83 71 66 72 80 83 69 63 66 63 70 71 62 64 75 88 100
64 63 68 68 65 66 73 64 69 65 57 52 58 69 81 75 70 70 67 71 80 78 72 72 75 72 67 58 54 47 42 44 55 50 45 44 42 37 34 36 38 41 39 35 40 38 38 47 46 47 41 43 44 47 48 45 41 47 48 46 48 65 92 115 127 150 168 162 112 83 81 106 128 82 77 78 76 72 81 76 72 81 73 88 100
62 65 71 78 70 67 76 70 76 65 61 56 63 65 79 82 71 74 74 83 83 76 80 89 81 84 88 66 54 49 47 46 55 54 49 45 39 38 37 38 41 43 44 39 43 40 39 49 54 44 42 45 48 54 54 53 44 51 57 62 62 76 89 100 133 154 158 172 135 113 135 162 128 110 124 108 91 80 87 82 89 102 89 94 101
63 70 72 79 72 75 80 81 76 68 61 61 61 68 75 85 78 77 73 88 80 83 91 99 88 101 92 77 67 59 53 49 59 52 47 42 40 41 39 43 44 46 51 42 45 45 43 43 49 45 48 47 49 58 57 49 50 56 69 69 64 62 77 102 119 123 133 130 136 166 164 -9999 -9999 127 158 145 144 106 107 90 91 93 -9999 -9999 -9999
72 75 84 83 84 78 86 92 79 68 71 66 68 71 75 89 83 81 75 90 90 104 104 113 101 111 101 99 91 81 82 68 68 62 52 43 42 44 46 46 46 50 54 44 48 49 44 49 49 52 52 50 50 61 54 51 53 51 66 62 53 55 63 78 88 102 106 108 127 -9999 -9999 -9999 -9999 -9999 -9999 -9999 -9999 -9999 157 143 -9999 -9999 -9999 -9999 -9999
89 86 110 106 94 86 93 95 78 73 73 71 70 73 82 92 95 89 80 94 109 115 119 115 113 126 117 125 112 109 106 97 92 77 50 46 46 49 49 47 50 52 55 48 47 55 48 54 50 54 57 55 53 61 59 58 52 53 55 62 58 59 59 60 69 78 81 87 96 -9999 -9999 -9999 -9999 -9999 -9999 -9999 -9999 -9999 -9999 -9999 -9999 -9999 -9999 -9999 -9999
106 105 130 132 122 103 105 93 86 92 85 78 78 72 79 91 102 97 85 105 119 130 133 123 129 132 137 139 129 124 122 119 102 73 52 52 46 52 51 54 52 54 57 53 50 52 54 57 54 56 58 59 57 65 66 57 56 57 62 65 66 64 63 67 64 68 72 79 89 -9999 -9999 -9999 -9999 -9999 -9999 -9999 -9999 -9999 -9999 -9999 -9999 -9999 -9999 -9999 -9999
111 106 108 137 132 119 125 106 91 110 98 95 82 84 78 92 111 107 101 125 132 141 142 142 150 149 160 147 143 140 134 119 96 61 56 53 47 60 58 55 54 58 60 61 57 53 62 59 58 60 61 59 63 71 67 61 58 63 68 74 70 69 71 74 72 74 75 82 90 -9999 -9999 -9999 -9999 -9999 -9999 -9999 -9999 -9999 -9999 -9999 -9999 -9999 -9999 -9999 -9999
126 117 111 114 133 123 137 116 101 103 104 111 95 94 84 90 123 128 120 133 148 156 147 156 160 146 162 152 135 122 107 96 73 62 63 51 50 58 63 59 58 62 64 66 57 57 68 63 66 65 66 63 68 75 67 63 64 70 75 78 79 82 84 86 83 84 84 -9999 -9999 -9999 -9999 -9999 -9999 -9999 -9999 -9999 -9999 -9999 -9999 -9999 -9999 -9999 -9999 -9999 -9999
119 129 141 131 153 140 144 132 115 105 137 132 117 109 98 98 111 132 127 146 158 165 170 158 158 155 137 112 97 89 87 78 66 69 60 54 52 61 67 65 64 62 67 67 64 62 74 69 74 75 70 66 69 75 70 67 69 74 84 91 92 -9999 -9999 -9999 -9999 -9999 -9999 -9999 -9999 -9999 -9999 -9999 -9999 -9999 -9999 -9999 -9999 -9999 -9999 -9999 -9999 -9999 -9999 -9999 -9999
100 121 152 157 174 156 140 133 132 112 120 139 141 128 109 111 130 143 143 134 136 143 157 175 178 153 118 113 100 99 94 77 72 74 63 61 54 66 73 74 71 67 70 71 76 72 78 78 86 80 75 69 72 78 72 74 78 82 91 96 -9999 -9999 -9999 -9999 -9999 -9999 -9999 -9999 -9999 -9999 -9999 -9999 -9999 -9999 -9999 -9999 -9999 -9999 -9999 -9999 -9999 -9999 -9999 -9999 -9999
113 108 135 161 175 159 172 164 144 130 134 158 156 136 118 118 107 135 150 144 154 152 176 175 154 145 138 127 111 104 97 84 75 70 69 56 58 65 79 76 80 77 77 74 86 85 89 86 94 86 83 81 78 82 77 77 91 100 95 92 -9999 -9999 -9999 -9999 -9999 -9999 -9999 -9999 -9999 -9999 -9999 -9999 -9999 -9999 -9999 -9999 -9999 -9999 -9999 -9999 -9999 -9999 -9999 -9999 -9999
119 126 122 131 152 179 171 150 134 135 145 151 175 147 144 129 127 133 157 146 152 165 186 187 185 176 162 176 159 141 118 104 94 91 85 63 75 71 87 89 95 84 85 80 79 95 99 94 94 97 93 85 79 90 83 83 90 103 99 104 -9999 -9999 -9999 -9999 -9999 -9999 -9999 -9999 -9999 -9999 -9999 -9999 -9999 -9999 -9999 -9999 -9999 -9999 -9999 -9999 -9999 -9999 -9999 -9999 -9999
148 172 160 166 172 171 177 153 147 150 162 165 169 161 150 149 137 142 165 150 157 193 209 233 262 227 207 186 138 127 127 106 120 101 79 112 118 103 94 102 118 110 115 100 91 94 109 104 106 102 104 94 89 94 89 89 89 101 105 -9999 -9999 -9999 -9999 -9999 -9999 -9999 -9999 -9999 -9999 -9999 -9999 -9999 -9999 -9999 -9999 -9999 -9999 -9999 -9999 -9999 -9999 -9999 -9999 -9999 -9999
168 215 234 262 217 197 205 177 169 162 167 181 180 161 160 161 152 152 165 169 169 180 243 241 283 243 244 181 142 136 130 126 144 134 98 124 139 144 128 120 128 133 121 103 112 105 116 126 125 123 121 113 98 104 107 103 101 103 110 -9999 -9999 -9999 -9999 -9999 -9999 -9999 -9999 -9999 -9999 -9999 -9999 -9999 -9999 -9999 -9999 -9999 -9999 -9999 -9999 -9999 -9999 -9999 -9999 -9999 -9999
181 199 194 199 209 208 215 218 235 214 220 201 189 179 173 171 166 156 176 175 181 180 205 270 266 213 185 139 127 137 126 139 124 104 95 109 128 157 139 128 144 151 147 119 117 125 123 153 146 146 144 119 111 114 123 145 124 130 123 -9999 -9999 -9999 -9999 -9999 -9999 -9999 -9999 -9999 -9999 -9999 -9999 -9999 -9999 -9999 -9999 -9999 -9999 -9999 -9999 -9999 -9999 -9999 -9999 -9999 -9999
164 157 158 171 162 166 165 171 189 221 266 289 261 228 204 189 177 162 197 192 183 206 277 227 246 176 147 144 129 139 126 125 133 107 109 117 108 116 141 153 161 158 141 124 121 138 133 144 161 165 153 135 137 131 145 160 148 146 148 -9999 -9999 -9999 -9999 -9999 -9999 -9999 -9999 -9999 -9999 -9999 -9999 -9999 -9999 -9999 -9999 -9999 -9999 -9999 -9999 -9999 -9999 -9999 -9999 -9999 -9999
142 142 154 169 152 162 183 192 193 198 218 244 261 302 359 279 198 169 203 216 194 233 296 280 196 209 170 145 128 143 129 129 132 118 122 134 133 131 125 134 161 180 161 145 132 148 164 169 218 193 155 168 162 146 159 -9999 -9999 -9999 -9999 -9999 -9999 -9999 -9999 -9999 -9999 -9999 -9999 -9999 -9999 -9999 -9999 -9999 -9999 -9999 -9999 -9999 -9999 -9999 -9999 -9999 -9999 -9999 -9999 -9999 -9999
146 157 166 172 149 174 177 182 191 207 218 218 222 247 288 358 302 192 197 219 206 233 263 215 182 171 151 140 137 147 144 141 150 136 150 165 156 175 143 159 184 221 186 164 167 152 167 186 200 195 168 190 194 202 -9999 -9999 -9999 -9999 -9999 -9999 -9999 -9999 -9999 -9999 -9999 -9999 -9999 -9999 -9999 -9999 -9999 -9999 -9999 -9999 -9999 -9999 -9999 -9999 -9999 -9999 -9999 -9999 -9999 -9999 -9999
136 146 164 180 148 159 181 197 204 215 211 217 225 232 241 262 353 300 206 237 241 243 270 187 165 159 154 147 154 164 148 192 201 176 201 235 239 222 189 164 182 229 237 261 278 236 253 240 218 -9999 -9999 -9999 -9999 -9999 -9999 -9999 -9999 -9999 -9999 -9999 -9999 -9999 -9999 -9999 -9999 -9999 -9999 -9999 -9999 -9999 -9999 -9999 -9999 -9999 -9999 -9999 -9999 -9999 -9999 -9999 -9999 -9999 -9999 -9999 -9999
150 164 176 166 145 172 193 215 233 251 228 281 316 317 302 283 288 328 230 263 282 286 301 233 212 187 163 167 212 214 195 197 209 236 255 275 272 229 194 199 255 224 -9999 -9999 -9999 -9999 -9999 -9999 -9999 -9999 -9999 -9999 -9999 -9999 -9999 -9999 -9999 -9999 -9999 -9999 -9999 -9999 -9999 -9999 -9999 -9999 -9999 -9999 -9999 -9999 -9999 -9999 -9999 -9999 -9999 -9999 -9999 -9999 -9999 -9999 -9999 -9999 -9999 -9999 -9999
112 116 119 119 115 122 137 150 162 190 214 291 330 376 424 355 300 305 258 290 350 390 430 408 307 209 185 208 270 289 280 209 192 229 234 244 268 242 219 208 250 -9999 -9999 -9999 -9999 -9999 -9999 -9999 -9999 -9999 -9999 -9999 -9999 -9999 -9999 -9999 -9999 -9999 -9999 -9999 -9999 -9999 -9999 -9999 -9999 -9999 -9999 -9999 -9999 -9999 -9999 -9999 -9999 -9999 -9999 -9999 -9999 -9999 -9999 -9999 -9999 -9999 -9999 -9999 -9999
97 101 102 103 108 118 129 127 144 135 150 198 247 296 352 425 414 422 311 316 371 435 477 433 320 245 236 238 223 253 266 251 210 206 244 262 295 285 244 265 -9999 -9999 -9999 -9999 -9999 -9999 -9999 -9999 -9999 -9999 -9999 -9999 -9999 -9999 -9999 -9999 -9999 -9999 -9999 -9999 -9999 -9999 -9999 -9999 -9999 -9999 -9999 -9999 -9999 -9999 -9999 -9999 -9999 -9999 -9999 -9999 -9999 -9999 -9999 -9999 -9999 -9999 -9999 -9999 -9999
90 90 95 102 104 113 114 121 139 123 125 146 182 235 298 374 401 461 432 360 408 486 514 411 347 287 278 299 289 -9999 -9999 -9999 -9999 279 -9999 -9999 -9999 -9999 -9999 -9999 -9999 -9999 -9999 -9999 -9999 -9999 -9999 -9999 -9999 -9999 -9999 -9999 -9999 -9999 -9999 -9999 -9999 -9999 -9999 -9999 -9999 -9999 -9999 -9999 -9999 -9999 -9999 -9999 -9999 -9999 -9999 -9999 -9999 -9999 -9999 -9999 -9999 -9999 -9999 -9999 -9999 -9999 -9999 -9999 -9999
84 86 89 95 100 103 109 118 124 127 120 130 153 184 234 296 367 444 463 486 508 615 549 479 420 351 325 -9999 -9999 -9999 -9999 -9999 -9999 -9999 -9999 -9999 -9999 -9999 -9999 -9999 -9999 -9999 -9999 -9999 -9999 -9999 -9999 -9999 -9999 -9999 -9999 -9999 -9999 -9999 -9999 -9999 -9999 -9999 -9999 -9999 -9999 -9999 -9999 -9999 -9999 -9999 -9999 -9999 -9999 -9999 -9999 -9999 -9999 -9999 -9999 -9999 -9999 -9999 -9999 -9999 -9999 -9999 -9999 -9999 -9999
81 82 84 89 94 99 108 107 118 117 121 141 145 168 192 240 316 385 450 516 579 677 704 -9999 -9999 -9999 -9999 -9999 -9999 -9999 -9999 -9999 -9999 -9999 -9999 -9999 -9999 -9999 -9999 -9999 -9999 -9999 -9999 -9999 -9999 -9999 -9999 -9999 -9999 -9999 -9999 -9999 -9999 -9999 -9999 -9999 -9999 -9999 -9999 -9999 -9999 -9999 -9999 -9999 -9999 -9999 -9999 -9999 -9999 -9999 -9999 -9999 -9999 -9999 -9999 -9999 -9999 -9999 -9999 -9999 -9999 -9999 -9999 -9999 -9999
78 78 81 86 92 94 94 97 113 115 131 146 164 183 189 203 245 310 378 488 -9999 -9999 -9999 -9999 -9999 -9999 -9999 -9999 -9999 -9999 -9999 -9999 -9999 -9999 -9999 -9999 -9999 -9999 -9999 -9999 -9999 -9999 -9999 -9999 -9999 -9999 -9999 -9999 -9999 -9999 -9999 -9999 -9999 -9999 -9999 -9999 -9999 -9999 -9999 -9999 -9999 -9999 -9999 -9999 -9999 -9999 -9999 -9999 -9999 -9999 -9999 -9999 -9999 -9999 -9999 -9999 -9999 -9999 -9999 -9999 -9999 -9999 -9999 -9999 -9999
74 76 78 81 85 85 90 96 101 108 120 130 161 188 202 217 253 254 304 413 -9999 -9999 -9999 -9999 -9999 -9999 -9999 -9999 -9999 -9999 -9999 -9999 -9999 -9999 -9999 -9999 -9999 -9999 -9999 -9999 -9999 -9999 -9999 -9999 -9999 -9999 -9999 -9999 -9999 -9999 -9999 -9999 -9999 -9999 -9999 -9999 -9999 -9999 -9999 -9999 -9999 -9999 -9999 -9999 -9999 -9999 -9999 -9999 -9999 -9999 -9999 -9999 -9999 -9999 -9999 -9999 -9999 -9999 -9999 -9999 -9999 -9999 -9999 -9999 -9999
73 76 77 80 83 85 89 94 94 106 120 135 160 188 214 233 244 241 295 339 -9999 -9999 -9999 -9999 -9999 -9999 -9999 -9999 -9999 -9999 -9999 -9999 -9999 -9999 -9999 -9999 -9999 -9999 -9999 -9999 -9999 -9999 -9999 -9999 -9999 -9999 -9999 -9999 -9999 -9999 -9999 -9999 -9999 -9999 -9999 -9999 -9999 -9999 -9999 -9999 -9999 -9999 -9999 -9999 -9999 -9999 -9999 -9999 -9999 -9999 -9999 -9999 -9999 -9999 -9999 -9999 -9999 -9999 -9999 -9999 -9999 -9999 -9999 -9999 -9999
71 73 75 78 81 85 88 90 95 94 106 129 146 165 185 203 224 265 -9999 -9999 -9999 -9999 -9999 -9999 -9999 -9999 -9999 -9999 -9999 -9999 -9999 -9999 -9999 -9999 -9999 -9999 -9999 -9999 -9999 -9999 -9999 -9999 -9999 -9999 -9999 -9999 -9999 -9999 -9999 -9999 -9999 -9999 -9999 -9999 -9999 -9999 -9999 -9999 -9999 -9999 -9999 -9999 -9999 -9999 -9999 -9999 -9999 -9999 -9999 -9999 -9999 -9999 -9999 -9999 -9999 -9999 -9999 -9999 -9999 -9999 -9999 -9999 -9999 -9999 -9999
70 72 74 78 81 84 87 87 91 91 99 109 127 138 154 182 206 228 -9999 -9999 -9999 -9999 -9999 -9999 -9999 -9999 -9999 -9999 -9999 -9999 -9999 -9999 -9999 -9999 -9999 -9999 -9999 -9999 -9999 -9999 -9999 -9999 -9999 -9999 -9999 -9999 -9999 -9999 -9999 -9999 -9999 -9999 -9999 -9999 -9999 -9999 -9999 -9999 -9999 -9999 -9999 -9999 -9999 -9999 -9999 -9999 -9999 -9999 -9999 -9999 -9999 -9999 -9999 -9999 -9999 -9999 -9999 -9999 -9999 -9999 -9999 -9999 -9999 -9999 -9999
67 69 73 75 78 82 81 83 85 90 95 103 118 130 134 156 163 190 -9999 -9999 -9999 -9999 -9999 -9999 -9999 -9999 -9999 -9999 -9999 -9999 -9999 -9999 -9999 -9999 -9999 -9999 -9999 -9999 -9999 -9999 -9999 -9999 -9999 -9999 -9999 -9999 -9999 -9999 -9999 -9999 -9999 -9999 -9999 -9999 -9999 -9999 -9999 -9999 -9999 -9999 -9999 -9999 -9999 -9999 -9999 -9999 -9999 -9999 -9999 -9999 -9999 -9999 -9999 -9999 -9999 -9999 -9999 -9999 -9999 -9999 -9999 -9999 -9999 -9999 -9999
66 68 70 73 75 77 80 83 86 89 93 99 107 121 126 134 145 165 -9999 -9999 -9999 -9999 -9999 -9999 -9999 -9999 -9999 -9999 -9999 -9999 -9999 -9999 -9999 -9999 -9999 -9999 -9999 -9999 -9999 -9999 -9999 -9999 -9999 -9999 -9999 -9999 -9999 -9999 -9999 -9999 -9999 -9999 -9999 -9999 -9999 -9999 -9999 -9999 -9999 -9999 -9999 -9999 -9999 -9999 -9999 -9999 -9999 -9999 -9999 -9999 -9999 -9999 -9999 -9999 -9999 -9999 -9999 -9999 -9999 -9999 -9999 -9999 -9999 -9999 -9999
66 68 71 71 73 76 79 81 85 90 93 97 106 110 122 138 145 -9999 -9999 -9999 -9999 -9999 -9999 -9999 -9999 -9999 -9999 -9999 -9999 -9999 -9999 -9999 -9999 -9999 -9999 -9999 -9999 -9999 -9999 -9999 -9999 -9999 -9999 -9999 -9999 -9999 -9999 -9999 -9999 -9999 -9999 -9999 -9999 -9999 -9999 -9999 -9999 -9999 -9999 -9999 -9999 -9999 -9999 -9999 -9999 -9999 -9999 -9999 -9999 -9999 -9999 -9999 -9999 -9999 -9999 -9999 -9999 -9999 -9999 -9999 -9999 -9999 -9999 -9999 -9999
65 68 69 71 73 75 78 80 83 88 94 98 106 111 122 136 138 -9999 -9999 -9999 -9999 -9999 -9999 -9999 -9999 -9999 -9999 -9999 -9999 -9999 -9999 -9999 -9999 -9999 -9999 -9999 -9999 -9999 -9999 -9999 -9999 -9999 -9999 -9999 -9999 -9999 -9999 -9999 -9999 -9999 -9999 -9999 -9999 -9999 -9999 -9999 -9999 -9999 -9999 -9999 -9999 -9999 -9999 -9999 -9999 -9999 -9999 -9999 -9999 -9999 -9999 -9999 -9999 -9999 -9999 -9999 -9999 -9999 -9999 -9999 -9999 -9999 -9999 -9999 -9999
64 67 67 71 75 77 77 81 84 87 93 97 113 117 123 135 133 -9999 -9999 -9999 -9999 -9999 -9999 -9999 -9999 -9999 -9999 -9999 -9999 -9999 -9999 -9999 -9999 -9999 -9999 -9999 -9999 -9999 -9999 -9999 -9999 -9999 -9999 -9999 -9999 -9999 -9999 -9999 -9999 -9999 -9999 -9999 -9999 -9999 -9999 -9999 -9999 -9999 -9999 -9999 -9999 -9999 -9999 -9999 -9999 -9999 -9999 -9999 -9999 -9999 -9999 -9999 -9999 -9999 -9999 -9999 -9999 -9999 -9999 -9999 -9999 -9999 -9999 -9999 -9999
66 66 68 71 76 81 80 82 85 88 93 97 106 115 122 128 130 -9999 -9999 -9999 -9999 -9999 -9999 -9999 -9999 -9999 -9999 -9999 -9999 -9999 -9999 -9999 -9999 -9999 -9999 -9999 -9999 -9999 -9999 -9999 -9999 -9999 -9999 -9999 -9999 -9999 -9999 -9999 -9999 -9999 -9999 -9999 -9999 -9999 -9999 -9999 -9999 -9999 -9999 -9999 -9999 -9999 -9999 -9999 -9999 -9999 -9999 -9999 -9999 -9999 -9999 -9999 -9999 -9999 -9999 -9999 -9999 -9999 -9999 -9999 -9999 -9999 -9999 -9999 -9999
