solo30s/topo/dem.txt
ncols         336
nrows         204
xllcorner     110.2
yllcorner     -8.3
cellsize      0.0083333333333333
NODATA_value  -9999
[rows 114 to 151 of 204, columns 85 to 169 of 336]
109 114 116 119 127 146 163 178 209 234 248 263 284 298 320 336 358 384 414 442 449 476 465 539 610 637 666 741 787 727 824 857 857 882 915 916 910 835 667 585 501 456 413 355 315 284 256 233 213 196 197 185 165 143 129 123 117 107 100 94 87 88 82 78 72 67 63 60 56 54 54 55 55 55 57 58 57 55 56 56 58 59 60 61 62
111 118 121 125 131 140 166 179 208 234 257 274 296 310 328 354 389 415 444 467 511 536 537 608 590 664 724 821 840 822 937 1017 1027 1106 1144 1147 1120 963 745 629 542 508 437 385 346 306 271 254 247 230 217 197 177 160 143 134 125 114 106 100 95 88 87 81 74 72 67 62 59 57 55 57 57 57 57 59 57 56 55 57 57 58 59 61 64
114 121 127 133 136 143 160 180 191 224 265 293 306 320 337 351 374 401 444 499 532 589 630 666 719 743 797 885 980 948 1023 1180 1274 1379 1370 1357 1275 1038 816 736 638 608 505 463 430 360 326 302 276 249 232 214 193 169 152 137 128 117 108 103 97 94 89 84 80 75 68 63 60 57 56 58 58 58 58 60 57 56 56 58 57 58 60 63 66
118 122 131 138 144 149 161 174 186 206 251 292 328 336 349 369 388 419 456 498 560 598 643 703 775 846 913 959 1042 1144 1193 1350 1548 1673 1615 1542 1425 1202 995 857 766 685 590 552 498 410 364 323 290 262 243 223 202 176 158 147 136 121 112 110 102 100 93 91 82 77 71 65 60 59 59 58 60 60 60 61 59 57 58 58 59 62 63 66 69
122 128 134 142 150 157 164 181 189 200 230 287 331 364 386 379 404 440 476 519 565 629 682 792 880 927 961 1066 1063 1268 1416 1588 1835 1959 1933 1845 1673 1383 1178 997 882 767 675 597 513 440 389 341 309 285 257 232 205 188 176 162 145 129 122 116 110 104 98 93 86 79 74 68 64 64 62 61 61 62 61 62 59 59 60 60 61 63 65 67 70
125 132 137 145 156 166 173 182 198 213 226 271 320 363 397 419 422 444 487 535 590 652 709 777 875 941 1018 1118 1210 1366 1560 1761 2034 2291 2376 2187 1905 1616 1358 1151 991 830 680 593 517 454 402 365 338 305 274 246 226 210 192 174 156 139 130 126 116 109 105 99 93 86 80 71 68 64 64 62 64 62 63 62 60 61 61 62 62 65 69 69 73
128 133 140 146 156 167 179 192 204 221 239 273 324 367 409 439 461 481 504 555 593 634 701 771 822 893 982 1124 1329 1485 1700 1929 2232 2563 2772 2539 2184 1817 1608 1269 1063 862 704 605 527 472 430 394 359 324 294 266 244 225 207 187 168 153 143 136 127 119 109 102 96 90 83 76 74 69 64 64 66 65 64 62 62 62 63 64 65 67 70 80 83
128 133 141 147 156 166 181 196 210 226 247 273 317 356 398 438 470 494 528 559 604 648 706 760 825 876 1023 1176 1357 1574 1830 2111 2454 2797 2891 2771 2407 2005 1661 1347 1063 878 710 628 553 501 450 408 369 334 302 281 260 239 214 193 175 162 156 146 134 126 116 107 100 95 88 82 77 71 66 65 65 66 64 63 64 65 64 69 70 72 83 92 96
123 128 135 147 153 167 182 196 213 231 251 273 307 341 372 404 436 467 503 571 660 676 718 781 843 905 1024 1239 1456 1685 1950 2206 2565 2946 3070 2875 2462 2078 1733 1409 1126 920 747 637 558 503 455 414 379 349 322 298 272 245 221 203 187 175 163 153 139 132 121 110 103 96 90 84 77 73 68 67 67 67 68 67 66 68 69 72 77 77 88 102 116
123 135 144 146 161 172 185 200 217 233 255 277 302 333 351 387 439 443 491 566 644 693 726 775 841 925 1082 1306 1533 1725 1964 2275 2647 3026 3130 2852 2430 2002 1650 1330 1119 892 761 671 570 510 468 431 396 367 338 309 279 252 231 214 199 185 172 157 145 134 123 113 106 99 89 82 77 74 70 69 68 69 70 69 70 69 72 75 79 90 102 119 131
130 141 157 155 161 179 194 208 224 242 258 278 301 330 353 379 408 431 495 572 632 700 748 804 858 979 1094 1256 1470 1709 1916 2146 2474 2691 2738 2608 2289 1979 1682 1347 1111 900 753 648 553 522 491 459 422 377 343 314 286 267 245 226 209 192 178 165 152 138 128 115 106 98 92 83 77 73 70 68 69 71 71 71 73 73 73 77 84 91 112 132 151
129 144 152 161 177 183 197 217 234 253 276 296 310 335 362 391 421 447 489 581 685 717 788 798 935 1007 1088 1244 1425 1595 1767 2017 2218 2313 2362 2311 2105 1817 1586 1277 1044 901 770 656 578 541 518 487 445 400 356 326 302 278 254 234 215 198 183 170 157 141 127 117 108 101 92 86 78 74 72 71 70 73 73 75 76 76 82 86 89 103 116 133 155
134 147 169 172 180 195 211 221 239 266 286 310 336 349 371 399 431 470 510 579 610 660 708 763 855 912 1001 1124 1266 1359 1567 1843 1987 2091 2125 2059 1920 1647 1464 1220 1017 880 765 671 605 559 513 473 430 393 363 334 306 280 256 235 218 202 186 171 156 141 130 119 109 101 91 84 80 77 73 70 73 76 78 78 79 80 87 106 107 111 124 145 164
139 153 159 170 184 199 215 232 249 264 285 315 344 369 399 418 447 478 522 573 613 657 713 783 858 935 1044 1142 1247 1373 1520 1685 1783 1918 1935 1850 1719 1526 1364 1200 996 841 737 668 617 547 494 457 434 404 364 335 305 274 253 232 215 199 181 162 147 140 130 119 109 100 91 83 80 77 72 73 73 79 81 81 81 86 92 114 126 136 139 161 174
136 147 158 172 187 203 218 236 259 277 287 311 349 389 416 452 486 505 537 590 632 705 744 796 893 955 1015 1164 1287 1528 1552 1645 1744 1788 1681 1530 1543 1394 1289 1143 975 817 762 693 616 555 511 481 449 398 363 340 309 280 254 232 210 195 181 168 153 142 128 117 110 102 93 88 81 76 74 74 73 77 82 85 85 89 102 117 144 155 162 181 205
136 149 160 174 186 203 223 241 262 276 296 319 345 377 413 443 477 519 556 604 688 739 768 828 929 1010 1142 1249 1422 1510 1652 1759 1878 1935 1902 1584 1302 1237 1130 1009 923 831 802 717 623 578 522 474 435 391 355 332 309 285 256 232 205 181 168 159 151 140 131 122 109 100 92 86 82 78 77 75 77 80 83 86 87 95 120 136 151 172 190 207 232
139 152 166 178 188 203 214 229 251 275 298 319 348 377 402 439 476 520 567 617 670 736 789 841 931 1025 1095 1202 1345 1333 1449 1632 1928 2048 1904 1693 1381 1186 1096 972 893 830 768 707 652 576 519 456 415 370 344 317 305 287 263 235 208 182 163 145 143 136 125 117 107 96 87 83 82 78 77 76 76 81 85 90 92 97 108 130 149 171 190 212 238
145 155 166 178 190 210 227 243 258 279 303 326 356 387 415 451 480 531 575 652 711 765 804 862 958 982 1038 1127 1194 1350 1519 1750 2100 2100 1782 1623 1406 1217 1091 974 858 791 753 720 653 586 520 470 418 381 345 318 293 267 246 228 239 218 157 142 143 127 113 104 97 91 84 81 79 79 78 78 80 83 88 92 94 99 112 134 142 157 182 207 235
147 157 167 178 195 212 230 250 271 291 317 338 356 385 414 439 479 522 560 626 695 731 780 850 908 1003 1089 1138 1245 1352 1489 1648 1866 1881 1677 1453 1389 1202 1075 940 868 837 775 728 668 579 530 481 426 391 358 311 273 254 232 220 331 314 174 137 128 123 108 101 95 90 88 84 80 79 78 77 81 88 95 98 99 103 110 122 140 161 202 241 267
148 158 171 184 196 207 226 246 264 286 304 326 354 374 406 442 477 515 571 629 662 719 763 847 918 963 1011 1132 1285 1366 1662 1741 1838 1819 1642 1433 1273 1178 1092 1039 957 871 804 761 693 563 517 484 446 398 354 317 278 242 220 221 319 322 267 190 124 112 105 98 93 89 86 83 81 79 79 81 85 92 99 106 107 111 123 132 153 187 220 261 304
149 159 172 184 199 215 234 250 267 286 304 324 351 379 406 436 472 508 547 591 654 717 775 825 879 916 993 1069 1149 1416 1518 1606 1660 1620 1552 1616 1473 1373 1097 976 917 841 774 715 662 606 551 499 448 407 366 329 289 257 228 211 229 275 371 254 126 111 103 98 91 85 83 82 82 83 81 87 89 95 105 116 119 124 134 160 172 199 238 273 322
144 156 167 182 195 210 225 243 264 287 306 326 346 369 394 424 467 505 546 588 625 686 756 810 835 889 926 1006 1119 1176 1324 1383 1342 1411 1332 1333 1326 1288 1020 910 880 819 759 691 635 590 549 488 454 417 367 324 289 256 228 210 200 206 256 201 128 113 104 96 92 87 86 85 84 86 86 91 96 104 111 125 133 139 154 174 217 238 260 309 338
137 146 160 176 190 206 226 240 256 278 291 312 335 365 397 429 463 489 520 555 610 655 703 765 786 824 886 941 1045 1221 1137 1281 1264 1228 1162 1119 1174 1098 927 837 819 787 742 694 637 585 510 465 427 393 362 324 291 260 230 206 185 171 161 144 127 114 106 100 93 88 87 86 88 89 90 95 102 110 119 131 144 154 171 199 215 259 291 321 381
130 138 153 166 181 200 214 230 242 260 284 306 330 358 383 411 434 461 496 534 568 623 679 711 749 788 833 928 1045 1093 1053 1137 1179 1104 1049 976 1004 1009 859 766 745 743 683 633 618 597 586 506 430 380 345 312 282 252 226 207 192 177 160 145 129 117 107 99 92 89 88 90 93 94 97 100 106 113 122 136 152 170 188 218 251 294 342 381 426
118 132 147 161 172 186 202 221 238 258 273 298 327 351 370 390 418 449 472 507 550 603 646 661 698 729 798 870 935 957 981 1033 1065 1029 949 903 894 843 782 723 674 689 649 594 639 744 745 581 472 400 342 326 278 250 224 206 185 171 154 136 122 112 104 97 93 90 91 93 96 99 102 108 113 123 132 140 153 172 200 229 269 308 379 419 498
172 130 136 146 153 172 190 213 228 248 267 292 313 335 365 390 415 441 484 520 550 583 589 619 643 695 728 788 853 864 887 896 928 931 883 861 811 785 718 663 615 614 605 561 616 774 856 638 484 399 419 468 286 246 223 201 181 161 145 136 123 111 104 98 93 91 93 97 101 103 106 113 116 127 140 152 168 189 216 247 294 350 393 471 539
207 153 126 138 157 173 188 207 231 250 271 287 305 331 357 388 410 443 473 503 526 537 559 564 593 640 682 728 770 790 804 811 801 851 823 787 745 728 692 648 571 566 558 529 555 630 667 537 446 372 347 361 274 243 222 198 177 165 148 132 121 115 107 100 95 92 96 102 104 110 113 116 125 136 146 163 179 205 233 271 321 374 439 493 567
167 143 130 130 146 166 190 204 226 239 256 275 302 327 354 379 408 433 457 479 492 514 510 522 558 586 620 660 704 701 747 733 729 791 771 740 688 670 642 613 569 516 511 502 489 500 504 437 386 330 295 271 247 229 209 191 170 154 143 135 118 112 105 99 94 94 98 103 108 113 116 121 127 136 151 167 186 212 242 280 332 378 437 510 565
150 137 146 137 142 170 189 205 219 238 262 288 306 327 348 368 391 416 436 452 470 478 467 490 513 540 565 599 630 650 660 657 701 732 726 687 661 622 600 572 542 502 466 464 446 424 407 401 353 314 282 259 243 227 206 195 178 162 148 134 125 108 102 97 94 94 97 104 109 116 122 125 131 139 153 175 198 220 258 296 338 391 449 540 622
150 144 146 132 145 165 180 198 220 237 260 279 298 317 333 353 374 395 414 427 441 431 436 457 477 509 520 544 569 598 591 605 643 671 672 633 616 590 562 536 509 477 436 435 426 401 373 351 334 305 280 250 227 207 193 180 169 156 145 131 120 111 104 97 95 97 99 105 110 117 123 129 135 145 160 176 201 229 258 296 343 396 455 528 601
155 165 143 130 145 163 180 197 214 231 251 268 282 302 321 336 358 368 388 401 408 405 403 426 450 464 477 504 531 545 540 565 595 605 599 590 567 564 532 495 483 462 428 392 399 422 417 352 312 289 268 244 253 256 243 172 161 150 138 129 120 111 102 97 95 96 101 107 114 119 125 132 140 146 164 181 204 226 253 284 327 383 447 498 583
197 193 129 142 150 164 172 189 205 224 241 256 272 291 305 324 332 349 360 378 371 376 376 397 424 430 454 487 494 503 508 534 549 544 555 542 526 523 499 472 448 441 405 373 356 378 486 412 305 285 278 334 399 361 286 169 151 146 139 130 115 107 99 96 96 95 102 108 114 120 128 136 145 151 160 174 251 233 250 296 342 377 422 482 533
254 147 126 139 151 162 176 196 209 221 234 246 261 274 290 307 313 331 337 352 339 341 365 375 388 404 433 452 455 467 477 494 508 497 515 501 486 476 460 440 414 398 379 356 336 390 504 493 458 320 283 437 453 354 249 171 141 136 131 124 114 106 99 96 96 96 103 109 115 122 131 139 144 152 162 178 195 209 228 280 344 352 400 462 507
219 142 134 140 146 156 173 184 200 212 227 236 252 265 277 288 296 306 321 324 311 327 338 355 360 387 408 419 424 436 444 460 463 458 471 467 454 431 429 409 386 373 348 327 342 412 460 597 459 329 234 326 320 269 196 150 131 126 122 118 110 104 100 97 96 98 103 109 115 120 128 137 144 153 160 173 183 214 232 248 285 323 373 421 461
295 166 137 142 151 162 171 181 191 205 220 229 243 252 264 268 278 287 297 300 295 306 323 330 338 363 381 391 387 406 418 430 428 425 430 434 444 417 393 367 351 350 325 295 286 264 306 478 412 334 203 188 218 158 142 130 121 118 114 112 105 100 100 97 97 97 101 108 114 119 126 131 135 142 153 168 192 208 236 264 279 309 349 383 418
303 144 137 137 141 146 157 177 194 205 213 223 230 237 248 251 269 272 285 270 281 292 305 304 324 339 352 362 361 383 388 401 396 396 396 408 488 586 626 480 349 324 306 279 259 235 229 282 330 285 268 173 153 139 132 122 116 113 110 106 103 103 100 99 98 97 101 105 110 117 122 124 136 143 152 166 181 215 246 257 291 323 339 357 374
179 139 147 151 141 141 155 166 186 196 205 216 221 227 229 239 252 263 263 254 262 279 277 299 308 318 338 335 350 359 364 370 369 372 377 388 450 702 787 564 354 294 280 264 244 225 208 201 270 351 287 197 150 135 126 118 112 110 108 105 104 102 100 99 98 97 101 105 109 114 118 118 129 148 166 182 199 220 248 282 299 326 356 378 389
137 137 142 154 162 166 159 162 171 183 195 205 207 209 212 280 326 252 243 238 251 257 267 278 297 302 316 312 329 335 343 351 347 350 365 382 537 774 677 495 324 274 259 243 225 209 189 178 215 282 186 145 131 127 122 115 114 109 107 107 106 104 102 98 98 96 101 106 108 113 112 122 139 159 180 198 214 238 266 290 316 340 359 386 415
