solo30s/topo/dem.txt
ncols         336
nrows         204
xllcorner     110.2
yllcorner     -8.3
cellsize      0.0083333333333333
NODATA_value  -9999
[rows 152 to 189 of 204, columns 85 to 169 of 336]
137 137 138 162 158 166 188 176 155 165 180 192 189 197 233 345 354 223 232 220 237 247 259 267 275 282 290 301 308 319 320 324 321 336 360 480 685 699 564 483 337 266 239 239 219 241 286 179 158 185 151 134 126 123 120 115 113 112 111 108 107 105 102 101 99 97 101 104 105 108 112 123 138 149 167 196 215 245 272 293 316 341 365 396 425
137 137 163 213 229 243 246 228 203 223 176 174 175 191 187 198 209 212 216 211 225 238 246 252 263 270 272 283 294 296 295 308 336 338 386 640 736 620 603 461 317 253 230 224 217 237 352 264 157 152 138 132 127 123 121 119 117 115 112 109 108 104 102 99 96 99 100 103 104 106 112 117 126 140 161 189 214 238 269 285 312 338 366 395 423
138 138 154 175 185 185 230 271 315 350 345 263 199 255 258 293 203 198 199 211 218 227 235 249 250 251 265 264 273 297 299 382 427 415 491 695 703 675 549 403 312 246 240 233 234 290 302 192 155 142 137 131 128 125 124 122 119 116 112 110 108 103 101 97 96 97 99 99 103 105 110 117 125 137 153 168 209 246 263 290 311 337 359 382 404
136 137 138 150 169 192 259 350 329 318 347 358 265 419 521 502 359 278 221 212 211 223 234 234 239 242 247 274 381 401 470 455 677 553 611 747 763 711 483 316 284 261 268 248 266 338 243 196 180 154 142 138 154 139 130 127 122 114 114 111 105 103 99 97 99 98 100 100 101 107 111 118 126 139 155 179 203 230 254 272 296 316 337 357 363
137 137 137 142 155 195 258 370 354 275 295 314 362 513 500 458 563 503 276 257 223 219 220 228 233 250 279 371 532 624 646 624 732 752 838 809 757 733 512 364 315 279 302 283 376 464 340 266 180 169 170 244 181 146 138 134 128 120 115 110 105 103 102 100 100 98 101 104 101 104 109 115 125 134 148 169 185 200 228 243 269 294 314 339 379
140 137 137 147 170 179 252 348 355 281 297 388 493 454 437 537 610 591 423 466 306 251 278 290 287 298 356 526 723 758 712 824 890 947 905 884 661 510 414 401 362 355 378 336 515 480 315 236 231 278 313 323 207 158 149 139 133 137 120 111 104 109 133 101 99 99 100 106 103 109 109 110 120 137 149 163 168 197 212 229 250 273 305 339 363
143 152 145 137 144 172 199 262 296 299 239 403 437 352 426 515 577 620 614 628 508 491 546 544 415 442 475 491 607 587 615 706 793 943 966 952 822 583 473 513 424 467 428 365 509 562 412 312 341 375 459 245 192 198 220 164 178 210 191 172 109 153 122 102 99 101 101 108 109 110 114 114 118 127 134 142 160 177 185 212 243 266 295 314 338
142 150 150 142 140 142 153 179 171 171 185 294 247 263 355 367 421 347 450 442 438 510 527 463 316 330 356 393 521 597 740 698 881 1000 980 1007 944 828 730 573 485 522 592 432 573 657 480 465 563 579 383 261 224 359 266 201 280 248 159 117 106 103 104 104 100 103 104 106 111 112 115 118 120 123 128 141 150 160 187 214 226 254 277 308 320
139 148 149 148 148 145 143 144 147 154 151 158 168 190 184 191 244 256 235 234 348 460 276 263 285 333 462 646 623 719 870 780 949 1025 1042 1041 992 917 861 655 660 629 692 564 619 817 672 767 824 693 482 347 317 262 248 205 282 209 130 117 110 105 105 103 101 103 103 106 108 115 113 115 117 121 128 135 147 174 184 187 243 215 303 300 267
140 142 155 173 178 181 171 190 178 211 168 160 160 161 163 167 193 195 179 236 391 290 223 274 324 412 589 698 868 957 1011 982 989 1027 -9999 -9999 -9999 -9999 889 883 938 886 870 781 844 876 908 863 818 890 602 521 504 370 229 160 151 144 125 117 111 108 108 107 102 103 103 106 108 112 117 116 118 119 124 127 141 149 159 204 272 328 383 535 369
143 145 157 178 171 188 211 245 282 267 199 221 267 245 210 176 171 176 174 183 214 211 282 424 430 472 765 892 1017 1039 1023 1039 1061 1089 -9999 -9999 -9999 -9999 -9999 934 962 1003 1040 936 833 878 -9999 -9999 -9999 860 805 605 388 256 189 164 147 134 125 119 115 111 111 109 104 104 105 107 109 112 117 120 123 122 126 131 133 151 170 181 200 362 314 467 486
139 144 154 163 165 178 180 200 257 313 329 387 432 331 250 219 253 208 205 197 199 243 348 498 666 595 817 935 991 1018 1044 1092 -9999 -9999 -9999 -9999 -9999 -9999 -9999 -9999 -9999 -9999 -9999 -9999 -9999 -9999 -9999 -9999 -9999 881 868 558 400 287 226 167 144 130 126 122 115 113 112 110 105 106 108 110 109 112 119 126 119 122 125 132 136 148 154 160 181 338 326 378 490
147 142 149 155 165 167 185 237 277 274 291 436 416 300 270 337 273 280 375 312 286 381 381 480 743 777 832 903 975 1044 1035 -9999 -9999 -9999 -9999 -9999 -9999 -9999 -9999 -9999 -9999 -9999 -9999 -9999 -9999 -9999 -9999 -9999 -9999 858 951 828 691 522 378 216 156 141 131 123 117 116 114 109 109 111 107 107 107 108 130 123 119 125 130 135 137 175 160 163 173 219 328 427 463
147 150 151 155 157 187 204 265 313 307 277 295 320 305 375 384 320 371 557 446 425 611 628 716 785 814 860 972 971 935 -9999 -9999 -9999 -9999 -9999 -9999 -9999 -9999 -9999 -9999 -9999 -9999 -9999 -9999 -9999 -9999 -9999 -9999 -9999 -9999 866 862 782 648 419 229 164 149 137 128 122 120 118 115 110 113 110 108 113 120 131 125 125 139 140 145 160 327 223 206 183 228 335 437 522
149 152 155 161 177 216 262 252 271 312 302 288 287 305 373 478 476 565 664 683 566 725 770 864 882 915 881 -9999 -9999 -9999 -9999 -9999 -9999 -9999 -9999 -9999 -9999 -9999 -9999 -9999 -9999 -9999 -9999 -9999 -9999 -9999 -9999 -9999 -9999 -9999 -9999 808 719 610 311 221 181 161 140 134 124 124 119 117 114 116 113 110 120 129 142 156 236 257 163 159 176 323 328 260 204 248 427 481 510
148 151 156 166 194 251 372 437 329 292 318 394 333 327 392 462 481 572 687 762 768 730 807 915 1004 -9999 955 -9999 -9999 -9999 -9999 -9999 -9999 -9999 -9999 -9999 -9999 -9999 -9999 -9999 -9999 -9999 -9999 -9999 -9999 -9999 -9999 -9999 -9999 -9999 -9999 -9999 690 581 356 265 245 251 184 133 129 128 124 119 120 117 123 134 129 143 152 195 239 294 200 189 217 368 534 398 247 243 385 507 -9999
144 147 157 165 200 261 283 392 524 455 409 487 430 460 447 453 451 486 612 765 871 872 917 969 -9999 -9999 -9999 -9999 -9999 -9999 -9999 -9999 -9999 -9999 -9999 -9999 -9999 -9999 -9999 -9999 -9999 -9999 -9999 -9999 -9999 -9999 -9999 -9999 -9999 -9999 -9999 -9999 -9999 578 496 465 368 295 243 173 135 134 134 128 125 125 124 138 213 244 182 199 235 340 274 268 303 492 491 326 250 321 505 -9999 -9999
151 151 147 152 185 226 203 238 383 507 436 350 345 391 407 404 419 509 674 805 903 -9999 -9999 -9999 -9999 -9999 -9999 -9999 -9999 -9999 -9999 -9999 -9999 -9999 -9999 -9999 -9999 -9999 -9999 -9999 -9999 -9999 -9999 -9999 -9999 -9999 -9999 -9999 -9999 -9999 -9999 -9999 -9999 771 701 543 431 402 275 155 142 157 195 156 134 135 127 136 214 340 328 354 441 447 479 423 533 609 405 361 345 449 -9999 -9999 -9999
193 166 158 155 155 163 194 275 255 289 228 258 233 259 309 332 398 534 692 783 882 -9999 -9999 -9999 -9999 -9999 -9999 -9999 -9999 -9999 -9999 -9999 -9999 -9999 -9999 -9999 -9999 -9999 -9999 -9999 -9999 -9999 -9999 -9999 -9999 -9999 -9999 -9999 -9999 -9999 -9999 -9999 -9999 722 653 546 467 497 347 170 149 232 295 169 143 149 180 208 315 475 662 685 806 787 707 730 675 559 552 489 449 538 -9999 -9999 -9999
299 204 178 174 190 172 172 205 227 205 188 199 270 310 311 370 487 533 635 732 -9999 -9999 -9999 -9999 -9999 -9999 -9999 -9999 -9999 -9999 -9999 -9999 -9999 -9999 -9999 -9999 -9999 -9999 -9999 -9999 -9999 -9999 -9999 -9999 -9999 -9999 -9999 -9999 -9999 -9999 -9999 -9999 -9999 654 528 436 377 400 315 221 163 229 340 310 194 163 181 216 270 404 775 859 886 902 918 941 -9999 -9999 -9999 -9999 -9999 -9999 -9999 -9999 -9999
331 288 238 228 225 242 174 182 214 186 178 198 278 398 405 464 533 586 621 -9999 -9999 -9999 -9999 -9999 -9999 -9999 -9999 -9999 -9999 -9999 -9999 -9999 -9999 -9999 -9999 -9999 -9999 -9999 -9999 -9999 -9999 -9999 -9999 -9999 -9999 -9999 -9999 -9999 -9999 -9999 -9999 -9999 -9999 -9999 523 485 411 255 227 204 193 204 403 545 324 205 242 287 305 528 772 853 915 -9999 -9999 -9999 -9999 -9999 -9999 -9999 -9999 -9999 -9999 -9999 -9999
329 288 251 242 263 318 262 165 165 165 190 226 317 408 388 435 515 -9999 -9999 -9999 -9999 -9999 -9999 -9999 -9999 -9999 -9999 -9999 -9999 -9999 -9999 -9999 -9999 -9999 -9999 -9999 -9999 -9999 -9999 -9999 -9999 -9999 -9999 -9999 -9999 -9999 -9999 -9999 -9999 -9999 -9999 -9999 -9999 -9999 637 624 459 274 258 271 229 215 364 464 349 234 323 497 428 602 852 -9999 -9999 -9999 -9999 -9999 -9999 -9999 -9999 -9999 -9999 -9999 -9999 -9999 -9999
406 374 322 330 366 411 352 204 172 171 174 203 376 509 476 488 496 -9999 -9999 -9999 -9999 -9999 -9999 -9999 -9999 -9999 -9999 -9999 -9999 -9999 -9999 -9999 -9999 -9999 -9999 -9999 -9999 -9999 -9999 -9999 -9999 -9999 -9999 -9999 -9999 -9999 -9999 -9999 -9999 -9999 -9999 -9999 -9999 -9999 717 726 622 384 435 419 285 285 395 557 505 351 323 581 709 888 -9999 -9999 -9999 -9999 -9999 -9999 -9999 -9999 -9999 -9999 -9999 -9999 -9999 -9999 -9999
450 389 344 369 396 434 422 279 219 201 176 220 373 487 526 540 490 -9999 -9999 -9999 -9999 -9999 -9999 -9999 -9999 -9999 -9999 -9999 -9999 -9999 -9999 -9999 -9999 -9999 -9999 -9999 -9999 -9999 -9999 -9999 -9999 -9999 -9999 -9999 -9999 -9999 -9999 -9999 -9999 -9999 -9999 -9999 -9999 -9999 -9999 777 652 483 619 485 376 452 553 596 602 562 534 688 810 -9999 -9999 -9999 -9999 -9999 -9999 -9999 -9999 -9999 -9999 -9999 -9999 -9999 -9999 -9999 -9999
400 389 361 414 434 443 462 440 340 237 197 240 282 333 370 433 403 -9999 -9999 -9999 -9999 -9999 -9999 -9999 -9999 -9999 -9999 -9999 -9999 -9999 -9999 -9999 -9999 -9999 -9999 -9999 -9999 -9999 -9999 -9999 -9999 -9999 -9999 -9999 -9999 -9999 -9999 -9999 -9999 -9999 -9999 -9999 -9999 -9999 -9999 817 715 595 653 579 603 701 701 605 543 592 758 -9999 -9999 -9999 -9999 -9999 -9999 -9999 -9999 -9999 -9999 -9999 -9999 -9999 -9999 -9999 -9999 -9999 -9999
381 394 381 408 414 433 439 421 388 305 273 267 236 255 286 302 332 341 -9999 -9999 -9999 -9999 -9999 -9999 -9999 -9999 -9999 -9999 -9999 -9999 -9999 -9999 -9999 -9999 -9999 -9999 -9999 -9999 -9999 -9999 -9999 -9999 -9999 -9999 -9999 -9999 -9999 -9999 -9999 -9999 -9999 -9999 -9999 -9999 -9999 -9999 884 825 860 808 842 810 -9999 -9999 -9999 -9999 -9999 -9999 -9999 -9999 -9999 -9999 -9999 -9999 -9999 -9999 -9999 -9999 -9999 -9999 -9999 -9999 -9999 -9999 -9999
392 384 394 412 -9999 -9999 -9999 410 404 377 339 320 317 277 280 277 318 349 -9999 -9999 -9999 -9999 -9999 -9999 -9999 -9999 -9999 -9999 -9999 -9999 -9999 -9999 -9999 -9999 -9999 -9999 -9999 -9999 -9999 -9999 -9999 -9999 -9999 -9999 -9999 -9999 -9999 -9999 -9999 -9999 -9999 -9999 -9999 -9999 -9999 -9999 -9999 849 856 -9999 -9999 -9999 -9999 -9999 -9999 -9999 -9999 -9999 -9999 -9999 -9999 -9999 -9999 -9999 -9999 -9999 -9999 -9999 -9999 -9999 -9999 -9999 -9999 -9999 -9999
389 389 402 -9999 -9999 -9999 -9999 -9999 396 396 387 356 394 353 344 307 326 409 -9999 -9999 -9999 -9999 -9999 -9999 -9999 -9999 -9999 -9999 -9999 -9999 -9999 -9999 -9999 -9999 -9999 -9999 -9999 -9999 -9999 -9999 -9999 -9999 -9999 -9999 -9999 -9999 -9999 -9999 -9999 -9999 -9999 -9999 -9999 -9999 -9999 -9999 -9999 -9999 -9999 -9999 -9999 -9999 -9999 -9999 -9999 -9999 -9999 -9999 -9999 -9999 -9999 -9999 -9999 -9999 -9999 -9999 -9999 -9999 -9999 -9999 -9999 -9999 -9999 -9999 -9999
-9999 -9999 -9999 -9999 -9999 -9999 -9999 -9999 -9999 385 393 401 411 424 423 410 420 435 -9999 -9999 -9999 -9999 -9999 -9999 -9999 -9999 -9999 -9999 -9999 -9999 -9999 -9999 -9999 -9999 -9999 -9999 -9999 -9999 -9999 -9999 -9999 -9999 -9999 -9999 -9999 -9999 -9999 -9999 -9999 -9999 -9999 -9999 -9999 -9999 -9999 -9999 -9999 -9999 -9999 -9999 -9999 -9999 -9999 -9999 -9999 -9999 -9999 -9999 -9999 -9999 -9999 -9999 -9999 -9999 -9999 -9999 -9999 -9999 -9999 -9999 -9999 -9999 -9999 -9999 -9999
-9999 -9999 -9999 -9999 -9999 -9999 -9999 -9999 -9999 -9999 -9999 -9999 -9999 -9999 -9999 -9999 -9999 414 431 -9999 -9999 -9999 -9999 -9999 -9999 -9999 -9999 -9999 -9999 -9999 -9999 -9999 -9999 -9999 -9999 -9999 -9999 -9999 -9999 -9999 -9999 -9999 -9999 -9999 -9999 -9999 -9999 -9999 -9999 -9999 -9999 -9999 -9999 -9999 -9999 -9999 -9999 -9999 -9999 -9999 -9999 -9999 -9999 -9999 -9999 -9999 -9999 -9999 -9999 -9999 -9999 -9999 -9999 -9999 -9999 -9999 -9999 -9999 -9999 -9999 -9999 -9999 -9999 -9999 -9999
-9999 -9999 -9999 -9999 -9999 -9999 -9999 -9999 -9999 -9999 -9999 -9999 -9999 -9999 -9999 -9999 -9999 -9999 -9999 -9999 -9999 -9999 -9999 -9999 -9999 -9999 -9999 -9999 -9999 -9999 -9999 -9999 -9999 -9999 -9999 -9999 -9999 -9999 -9999 -9999 -9999 -9999 -9999 -9999 -9999 -9999 -9999 -9999 -9999 -9999 -9999 -9999 -9999 -9999 -9999 -9999 -9999 -9999 -9999 -9999 -9999 -9999 -9999 -9999 -9999 -9999 -9999 -9999 -9999 -9999 -9999 -9999 -9999 -9999 -9999 -9999 -9999 -9999 -9999 -9999 -9999 -9999 -9999 -9999 -9999
-9999 -9999 -9999 -9999 -9999 -9999 -9999 -9999 -9999 -9999 -9999 -9999 -9999 -9999 -9999 -9999 -9999 -9999 -9999 -9999 -9999 -9999 -9999 -9999 -9999 -9999 -9999 -9999 -9999 -9999 -9999 -9999 -9999 -9999 -9999 -9999 -9999 -9999 -9999 -9999 -9999 -9999 -9999 -9999 -9999 -9999 -9999 -9999 -9999 -9999 -9999 -9999 -9999 -9999 -9999 -9999 -9999 -9999 -9999 -9999 -9999 -9999 -9999 -9999 -9999 -9999 -9999 -9999 -9999 -9999 -9999 -9999 -9999 -9999 -9999 -9999 -9999 -9999 -9999 -9999 -9999 -9999 -9999 -9999 -9999
-9999 -9999 -9999 -9999 -9999 -9999 -9999 -9999 -9999 -9999 -9999 -9999 -9999 -9999 -9999 -9999 -9999 -9999 -9999 -9999 -9999 -9999 -9999 -9999 -9999 -9999 -9999 -9999 -9999 -9999 -9999 -9999 -9999 -9999 -9999 -9999 -9999 -9999 -9999 -9999 -9999 -9999 -9999 -9999 -9999 -9999 -9999 -9999 -9999 -9999 -9999 -9999 -9999 -9999 -9999 -9999 -9999 -9999 -9999 -9999 -9999 -9999 -9999 -9999 -9999 -9999 -9999 -9999 -9999 -9999 -9999 -9999 -9999 -9999 -9999 -9999 -9999 -9999 -9999 -9999 -9999 -9999 -9999 -9999 -9999
-9999 -9999 -9999 -9999 -9999 -9999 -9999 -9999 -9999 -9999 -9999 -9999 -9999 -9999 -9999 -9999 -9999 -9999 -9999 -9999 -9999 -9999 -9999 -9999 -9999 -9999 -9999 -9999 -9999 -9999 -9999 -9999 -9999 -9999 -9999 -9999 -9999 -9999 -9999 -9999 -9999 -9999 -9999 -9999 -9999 -9999 -9999 -9999 -9999 -9999 -9999 -9999 -9999 -9999 -9999 -9999 -9999 -9999 -9999 -9999 -9999 -9999 -9999 -9999 -9999 -9999 -9999 -9999 -9999 -9999 -9999 -9999 -9999 -9999 -9999 -9999 -9999 -9999 -9999 -9999 -9999 -9999 -9999 -9999 -9999
-9999 -9999 -9999 -9999 -9999 -9999 -9999 -9999 -9999 -9999 -9999 -9999 -9999 -9999 -9999 -9999 -9999 -9999 -9999 -9999 -9999 -9999 -9999 -9999 -9999 -9999 -9999 -9999 -9999 -9999 -9999 -9999 -9999 -9999 -9999 -9999 -9999 -9999 -9999 -9999 -9999 -9999 -9999 -9999 -9999 -9999 -9999 -9999 -9999 -9999 -9999 -9999 -9999 -9999 -9999 -9999 -9999 -9999 -9999 -9999 -9999 -9999 -9999 -9999 -9999 -9999 -9999 -9999 -9999 -9999 -9999 -9999 -9999 -9999 -9999 -9999 -9999 -9999 -9999 -9999 -9999 -9999 -9999 -9999 -9999
-9999 -9999 -9999 -9999 -9999 -9999 -9999 -9999 -9999 -9999 -9999 -9999 -9999 -9999 -9999 -9999 -9999 -9999 -9999 -9999 -9999 -9999 -9999 -9999 -9999 -9999 -9999 -9999 -9999 -9999 -9999 -9999 -9999 -9999 -9999 -9999 -9999 -9999 -9999 -9999 -9999 -9999 -9999 -9999 -9999 -9999 -9999 -9999 -9999 -9999 -9999 -9999 -9999 -9999 -9999 -9999 -9999 -9999 -9999 -9999 -9999 -9999 -9999 -9999 -9999 -9999 -9999 -9999 -9999 -9999 -9999 -9999 -9999 -9999 -9999 -9999 -9999 -9999 -9999 -9999 -9999 -9999 -9999 -9999 -9999
-9999 -9999 -9999 -9999 -9999 -9999 -9999 -9999 -9999 -9999 -9999 -9999 -9999 -9999 -9999 -9999 -9999 -9999 -9999 -9999 -9999 -9999 -9999 -9999 -9999 -9999 -9999 -9999 -9999 -9999 -9999 -9999 -9999 -9999 -9999 -9999 -9999 -9999 -9999 -9999 -9999 -9999 -9999 -9999 -9999 -9999 -9999 -9999 -9999 -9999 -9999 -9999 -9999 -9999 -9999 -9999 -9999 -9999 -9999 -9999 -9999 -9999 -9999 -9999 -9999 -9999 -9999 -9999 -9999 -9999 -9999 -9999 -9999 -9999 -9999 -9999 -9999 -9999 -9999 -9999 -9999 -9999 -9999 -9999 -9999
-9999 -9999 -9999 -9999 -9999 -9999 -9999 -9999 -9999 -9999 -9999 -9999 -9999 -9999 -9999 -9999 -9999 -9999 -9999 -9999 -9999 -9999 -9999 -9999 -9999 -9999 -9999 -9999 -9999 -9999 -9999 -9999 -9999 -9999 -9999 -9999 -9999 -9999 -9999 -9999 -9999 -9999 -9999 -9999 -9999 -9999 -9999 -9999 -9999 -9999 -9999 -9999 -9999 -9999 -9999 -9999 -9999 -9999 -9999 -9999 -9999 -9999 -9999 -9999 -9999 -9999 -9999 -9999 -9999 -9999 -9999 -9999 -9999 -9999 -9999 -9999 -9999 -9999 -9999 -9999 -9999 -9999 -9999 -9999 -9999
