solo30s/rain/gauge_map.txt
ncols       336
nrows       204
xllcorner           110.20000
yllcorner            -8.30000
cellsize             0.00833
NODATA_value     -9999
[rows 46 to 91 of 204, columns 192 to 287 of 336]
64 64 64 64 64 64 64 64 64 64 64 64 64 64 64 64 64 64 64 64 64 64 64 81 81 81 81 81 72 72 72 72 72 72 72 72 72 72 91 91 91 91 46 46 46 46 46 46 46 46 46 46 46 46 54 54 54 54 54 54 54 54 54 54 48 48 48 48 48 48 48 48 29 29 29 29 29 31 31 31 31 31 31 33 33 33 33 33 33 33 33 33 33 33 33 33
64 64 64 64 64 64 64 64 64 64 64 64 64 64 64 64 64 64 64 64 64 64 64 81 81 81 81 81 72 72 72 72 72 72 72 72 72 72 91 91 91 91 46 46 46 46 46 46 46 46 46 46 46 46 46 54 54 54 54 54 54 54 54 54 48 48 48 48 48 48 48 48 29 29 29 29 29 29 31 31 31 31 33 33 33 33 33 33 33 33 33 33 33 33 33 33
64 64 64 64 64 64 64 64 64 64 64 64 64 64 64 64 64 64 64 64 64 64 81 81 81 81 81 81 72 72 72 72 72 72 72 72 72 91 91 91 91 91 91 46 46 46 46 46 46 46 46 46 46 46 46 54 54 54 54 54 54 54 54 54 48 48 48 48 48 48 48 48 29 29 29 29 29 29 31 31 31 47 47 47 33 33 33 33 33 33 33 33 33 33 33 33
64 64 64 64 64 64 64 64 64 64 64 64 64 64 64 64 64 64 64 64 64 64 81 81 81 81 81 81 72 72 72 72 72 72 72 72 72 91 91 91 91 91 91 46 46 46 46 46 46 46 46 46 46 46 46 46 54 54 54 54 54 54 54 54 48 48 48 48 48 48 48 48 29 29 29 29 29 29 31 31 47 47 47 47 47 47 33 33 33 33 33 33 33 33 33 35
64 64 64 64 64 64 64 64 64 64 64 64 64 64 64 64 64 64 64 64 64 81 81 81 81 81 81 81 72 72 72 72 72 72 72 72 91 91 91 91 91 91 91 46 46 46 46 46 46 46 46 46 46 46 46 46 54 54 54 54 54 54 54 54 48 48 48 48 48 48 48 48 48 29 29 29 29 40 40 40 47 47 47 47 47 47 47 47 33 33 33 33 33 35 35 35
64 64 64 64 64 64 64 64 64 64 64 64 64 64 64 64 64 64 64 64 64 81 81 81 81 81 81 81 72 72 72 72 72 72 72 72 91 91 91 91 91 91 91 91 46 46 46 46 46 46 46 46 46 46 46 46 46 54 54 54 54 54 54 54 48 48 48 48 48 48 48 48 48 29 29 40 40 40 40 40 40 47 47 47 47 47 47 47 51 51 51 51 35 35 35 35
64 64 64 64 64 64 64 64 64 64 64 64 64 64 64 64 64 64 64 64 81 81 81 81 81 81 81 81 72 72 72 72 72 72 72 91 91 91 91 91 91 91 91 91 46 46 46 46 46 46 46 46 46 46 46 46 46 46 54 54 54 54 54 54 48 48 48 48 48 48 48 48 48 40 40 40 40 40 40 40 40 40 47 47 51 51 51 51 51 51 51 35 35 35 35 35
92 92 64 64 64 64 64 64 64 64 64 64 64 64 64 64 64 64 64 64 81 81 81 81 81 81 81 81 72 72 72 72 72 72 72 91 91 91 91 91 91 91 91 91 38 46 46 46 46 46 46 46 46 46 46 46 46 46 54 54 26 26 26 57 57 57 48 48 48 48 48 48 40 40 40 40 40 40 40 40 40 40 51 51 51 51 51 51 51 51 51 35 35 35 35 35
92 92 92 92 64 64 64 64 64 64 64 64 64 64 64 64 64 64 64 81 81 81 81 81 81 81 81 81 72 72 72 72 72 72 91 91 91 91 91 91 91 91 91 38 38 38 46 46 46 46 46 46 46 46 46 46 46 46 26 26 26 26 26 57 57 57 57 57 57 48 48 97 97 40 40 40 40 40 40 40 40 40 40 51 51 51 51 51 51 51 35 35 35 35 35 35
92 92 92 92 92 92 92 64 64 64 64 64 64 64 64 64 64 64 64 81 81 81 81 81 81 81 81 81 72 72 72 72 72 72 91 91 91 91 91 91 91 91 91 38 38 38 38 46 46 46 46 46 46 46 46 46 46 26 26 26 26 26 26 57 57 57 57 57 57 57 97 97 97 97 97 40 40 40 40 40 40 40 40 51 51 51 51 51 51 51 35 35 35 35 35 35
92 92 92 92 92 92 92 92 92 85 85 85 85 85 85 85 85 85 85 81 81 81 81 81 81 81 81 81 72 72 72 72 72 91 91 91 91 91 91 91 91 91 38 38 38 38 38 38 38 46 46 46 46 46 46 46 26 26 26 26 26 26 26 57 57 57 57 57 57 57 52 97 97 97 97 97 97 40 40 40 40 40 40 51 51 51 51 51 51 35 35 35 35 35 35 35
92 92 92 92 92 92 92 92 92 85 85 85 85 85 85 85 85 85 85 85 81 81 81 81 81 81 81 81 72 72 72 72 72 91 91 91 91 91 91 91 91 38 38 38 38 38 38 38 38 38 46 46 46 46 46 26 26 26 26 26 26 26 26 57 57 57 57 57 57 52 52 52 97 97 97 97 97 97 97 40 40 40 40 51 51 51 51 51 51 35 35 35 35 35 35 35
16 92 92 92 92 92 92 92 92 92 85 85 85 85 85 85 85 85 85 85 85 85 81 81 81 81 81 81 72 72 72 72 91 91 91 91 91 91 91 91 38 38 38 38 38 38 38 38 38 38 38 46 46 46 26 26 26 26 26 26 26 26 26 57 57 57 57 57 57 52 52 52 52 97 97 97 97 97 97 97 97 40 40 51 51 51 51 51 35 35 35 35 35 35 35 35
16 92 92 92 92 92 92 92 92 92 85 85 85 85 85 85 85 85 85 85 85 85 85 81 81 81 81 81 72 72 72 72 91 91 91 91 91 91 91 91 38 38 38 38 38 38 38 38 38 38 38 38 46 26 26 26 26 26 26 26 26 26 26 57 57 57 57 57 57 52 52 52 52 97 97 97 97 97 97 97 97 97 97 51 51 51 51 35 35 35 35 35 35 35 35 35
16 16 92 92 92 92 92 92 92 92 92 85 85 85 85 85 85 85 85 85 85 85 85 85 81 81 81 81 72 72 72 91 91 2 2 2 2 2 2 2 38 38 38 38 38 38 38 38 38 38 38 38 38 26 26 26 26 26 26 26 26 26 26 57 57 57 57 57 52 52 52 52 52 52 97 97 97 97 97 97 97 97 97 97 51 51 51 35 35 35 35 35 35 35 35 35
16 16 92 92 92 92 92 92 92 92 92 85 85 85 85 85 85 85 85 85 85 85 85 85 85 22 17 17 17 13 2 2 2 2 2 2 2 2 2 2 2 38 38 38 38 38 38 38 38 38 38 38 38 26 26 26 26 26 26 26 26 26 26 57 57 57 25 25 52 52 52 52 52 52 52 97 97 97 97 97 97 97 97 97 51 51 35 35 35 35 35 35 35 35 35 35
16 16 16 92 92 92 92 92 92 92 92 92 85 85 85 85 85 85 85 85 85 85 85 85 22 22 17 17 17 13 13 2 2 2 2 2 2 2 2 2 2 38 38 38 38 38 38 38 38 38 38 38 38 24 24 26 26 26 26 26 26 26 26 25 25 25 25 25 52 52 52 52 52 52 52 52 97 97 97 97 97 97 97 97 97 51 35 35 35 35 35 35 35 35 35 35
16 16 16 92 92 92 92 92 92 92 92 92 92 85 85 85 85 85 85 85 85 85 85 85 22 22 17 17 17 13 13 2 2 2 2 2 2 2 2 2 2 2 38 38 38 38 38 38 38 38 38 38 95 24 24 24 24 24 24 24 24 24 25 25 25 25 25 25 25 52 52 52 52 52 52 52 52 97 97 97 97 97 97 97 97 35 35 35 35 35 35 35 35 35 35 35
16 16 16 16 92 92 92 92 92 92 92 92 92 85 85 85 85 85 85 85 85 85 85 22 22 22 17 17 17 13 13 13 2 2 2 2 2 2 2 2 2 2 38 38 38 38 38 38 38 38 95 95 95 24 24 24 24 24 24 24 24 24 25 25 25 25 25 25 25 52 52 52 52 52 52 52 52 97 97 97 97 97 97 97 97 35 35 35 35 35 35 35 35 35 35 35
16 16 16 16 16 92 92 92 92 92 92 92 92 92 85 85 85 85 85 85 85 85 22 22 22 22 17 17 17 13 13 13 13 2 2 2 2 2 2 2 2 2 2 38 38 38 38 49 49 95 95 95 95 95 24 24 24 24 24 24 24 24 24 25 25 25 25 25 25 52 52 52 52 52 52 52 52 52 97 97 97 97 97 97 97 35 35 35 35 35 35 35 35 35 35 35
16 16 16 16 16 92 92 92 92 92 92 92 92 92 85 85 85 85 85 85 85 22 22 22 22 22 17 17 17 13 13 13 13 13 2 2 2 2 2 2 2 2 2 38 38 49 49 49 49 95 95 95 95 95 24 24 24 24 24 24 24 24 24 24 25 25 25 25 30 30 52 52 52 52 52 52 52 52 52 97 97 97 97 97 97 35 35 35 35 35 35 35 35 35 35 35
16 16 16 16 16 16 92 92 92 92 92 92 92 92 92 10 10 85 1 1 1 22 22 22 22 22 17 17 17 13 13 13 13 13 13 2 2 2 2 2 2 2 2 49 49 49 49 49 49 95 95 95 95 95 24 24 24 24 24 24 24 24 24 24 24 30 30 30 30 30 58 58 58 58 58 58 58 58 58 58 58 97 97 97 97 97 35 35 35 35 35 35 35 35 35 35
16 16 16 16 16 16 92 92 92 92 92 92 92 92 10 10 10 1 1 1 1 22 22 22 22 22 17 17 17 13 13 13 13 13 14 14 14 14 2 2 2 2 49 49 49 49 49 49 49 95 95 95 95 95 95 24 24 24 24 24 24 24 24 24 30 30 30 30 30 30 58 58 58 58 58 58 58 58 58 58 58 58 58 97 97 97 35 35 35 35 35 35 35 35 35 35
16 16 16 16 16 16 16 92 92 92 92 92 92 10 10 10 10 1 1 1 1 1 22 22 22 22 17 17 17 13 13 13 13 13 14 14 14 14 14 14 2 2 49 49 49 49 49 49 49 95 95 95 95 95 95 24 24 24 24 24 24 24 24 24 30 30 30 30 30 30 58 58 58 58 58 58 58 58 58 58 58 58 58 58 58 97 35 35 35 35 35 35 35 35 35 35
16 16 16 16 16 16 16 92 92 92 92 92 10 10 10 10 10 1 1 1 1 1 22 22 22 22 17 17 9 13 13 13 13 14 14 14 14 14 14 14 14 49 49 49 49 49 49 49 49 95 95 95 95 95 95 24 24 24 24 24 24 24 24 30 30 30 30 30 30 30 58 58 58 58 58 58 58 58 58 58 58 58 58 58 58 58 35 35 35 35 35 35 35 35 35 35
16 16 16 16 16 16 16 16 92 92 92 10 10 10 10 10 10 1 1 1 1 1 22 22 22 22 9 9 9 9 13 13 13 14 14 14 14 14 14 14 14 14 49 49 49 49 49 49 49 95 95 95 55 55 55 55 24 24 24 24 24 24 24 30 30 30 30 30 30 58 58 58 58 58 58 58 58 58 58 58 58 58 58 58 58 58 58 35 35 35 35 35 35 35 35 35
16 16 16 16 16 16 16 16 8 8 10 10 10 10 10 10 10 1 1 1 1 1 1 22 22 9 9 9 9 9 9 13 14 14 14 14 14 14 14 14 14 14 49 49 49 49 49 49 49 55 55 55 55 55 55 55 55 34 34 34 34 34 34 28 28 28 28 28 28 58 58 58 58 58 58 58 58 58 58 58 58 58 58 58 58 58 58 35 35 35 35 35 35 35 35 35
16 16 16 16 16 16 16 5 8 8 8 10 10 10 10 10 10 1 1 1 1 1 1 22 22 9 9 9 9 9 9 13 14 14 14 14 14 14 14 14 14 39 49 49 49 49 49 49 55 55 55 55 55 55 55 55 34 34 34 34 34 34 34 28 28 28 28 28 28 28 58 58 58 58 58 58 58 58 58 58 58 58 58 58 58 58 58 58 35 35 35 35 35 35 35 35
16 16 16 16 5 5 5 5 8 8 8 8 10 10 10 10 10 1 1 1 1 1 1 22 9 9 9 9 9 9 9 9 14 14 14 14 14 14 14 14 39 39 39 49 49 49 55 55 55 55 55 55 55 55 55 55 34 34 34 34 34 34 34 34 28 28 28 28 28 28 28 58 58 58 58 58 58 58 58 58 58 58 58 58 58 58 58 58 58 35 35 35 35 35 35 35
16 16 5 5 5 5 5 5 8 8 8 8 8 10 10 10 10 1 1 1 1 1 1 1 9 9 9 9 9 9 9 9 14 14 14 14 14 14 14 39 39 39 39 39 39 55 55 55 55 55 55 55 55 55 55 55 34 34 34 34 34 34 34 34 28 28 28 28 28 28 28 28 58 58 58 58 58 58 58 58 58 58 58 58 58 58 58 58 58 35 35 35 35 35 35 35
5 5 5 5 5 5 5 5 8 8 8 8 8 15 15 15 15 15 15 15 1 1 1 1 9 9 9 9 9 9 9 9 14 14 14 14 14 39 39 39 39 39 39 39 39 55 55 55 55 55 55 55 55 55 55 55 34 34 34 34 34 34 34 34 34 28 28 28 28 28 28 28 58 58 58 58 58 58 58 58 58 58 58 58 58 58 58 58 58 58 35 35 35 35 35 35
5 5 5 5 5 5 5 5 8 8 8 8 8 15 15 15 15 15 15 15 15 15 1 1 9 9 9 9 9 9 9 9 14 14 14 14 39 39 39 39 39 39 39 39 39 39 55 55 55 55 55 55 55 55 55 34 34 34 34 34 34 34 34 34 34 28 28 28 28 28 28 28 28 58 58 58 58 58 58 58 58 58 58 58 58 58 58 58 58 58 58 35 35 35 35 35
5 5 5 5 5 5 5 5 8 8 8 8 8 15 15 15 15 15 15 15 15 15 15 15 9 9 9 9 9 9 9 9 14 14 14 39 39 39 39 39 39 39 39 39 39 39 39 53 53 53 53 53 53 53 53 34 34 34 34 34 34 34 34 34 34 28 28 28 28 28 28 28 28 28 58 58 58 58 58 58 58 58 58 58 58 58 58 58 58 58 58 35 35 35 35 35
5 5 5 5 5 5 5 5 8 8 8 8 15 15 15 15 15 15 15 15 15 15 15 15 9 9 9 9 9 9 9 9 14 39 39 39 39 39 39 39 39 39 39 39 39 39 53 53 53 53 53 53 53 53 53 53 34 34 34 34 34 34 34 34 34 34 28 28 28 28 28 28 28 28 28 58 58 58 58 58 58 58 58 58 58 58 58 58 58 58 58 58 35 35 35 35
5 5 5 5 5 5 5 5 8 8 8 8 15 15 15 15 15 15 15 15 15 15 15 15 15 9 9 9 9 9 9 9 39 39 39 39 39 39 39 39 39 39 39 39 39 39 53 53 53 53 53 53 53 53 53 53 34 34 34 34 34 34 34 34 34 34 28 28 28 28 28 28 28 28 28 28 58 58 58 58 58 58 58 58 58 58 58 58 58 58 58 58 35 35 35 35
5 5 5 5 5 5 5 5 8 8 8 8 15 15 15 15 15 15 15 15 15 15 15 15 15 9 9 9 9 9 9 41 41 41 41 41 41 41 41 41 41 41 41 41 41 41 53 53 53 53 53 53 53 53 53 53 53 34 34 34 34 34 34 34 34 34 34 28 28 28 28 28 28 28 28 28 58 58 58 58 58 58 58 58 58 58 58 58 58 58 58 58 58 35 35 35
5 5 5 5 5 5 5 5 8 8 8 8 15 15 15 15 15 15 15 15 15 15 15 15 15 15 9 9 9 9 41 41 41 41 41 41 41 41 41 41 41 41 41 41 41 53 53 53 53 53 53 53 53 53 53 53 53 34 34 34 34 34 34 34 34 34 34 28 28 28 28 28 28 28 28 28 28 58 58 58 58 58 58 58 58 58 58 58 58 58 58 58 58 58 35 35
5 5 5 5 5 5 5 5 8 8 8 8 15 15 15 15 15 15 15 15 15 15 15 15 15 15 15 9 9 9 41 41 41 41 41 41 41 41 41 41 41 41 41 41 41 53 53 53 53 53 53 53 53 53 53 53 53 53 34 34 34 34 34 34 34 34 34 28 28 28 28 28 28 28 28 28 28 28 58 58 58 58 58 58 58 58 58 58 58 58 58 58 58 58 35 35
5 5 5 5 5 5 5 5 8 8 8 8 15 15 15 15 15 15 15 15 15 15 15 15 15 15 15 9 9 41 41 41 41 41 41 41 41 41 41 41 41 41 41 41 41 53 53 53 53 53 53 53 53 53 53 53 53 53 34 34 34 34 34 34 34 34 34 34 28 28 28 28 28 28 28 28 28 28 28 58 58 58 58 58 58 58 58 58 58 58 58 58 58 58 58 35
5 5 5 5 5 5 5 5 8 8 8 8 15 15 15 15 15 15 15 15 15 15 15 15 15 15 15 15 41 41 41 41 41 41 41 41 41 41 41 41 41 41 41 41 41 53 53 53 53 53 53 53 53 53 53 53 53 53 53 34 34 34 34 34 34 34 34 34 28 28 28 28 28 28 28 28 28 28 28 28 58 58 58 58 58 58 58 58 58 58 58 58 58 58 58 35
5 5 5 5 5 5 5 5 8 8 8 15 15 15 15 15 15 15 15 15 15 15 15 15 15 15 15 15 41 41 41 41 41 41 41 41 41 41 41 41 41 41 41 41 41 53 53 53 53 53 53 53 53 53 53 53 53 53 53 34 34 34 34 34 34 34 34 34 34 28 28 28 28 28 28 28 28 28 28 28 58 58 58 58 58 58 58 58 58 58 58 58 58 58 58 58
5 5 5 5 5 5 5 5 8 8 8 15 15 15 15 15 15 15 15 15 15 15 15 15 15 15 15 15 41 41 41 41 41 41 41 41 41 41 41 41 41 41 41 41 53 53 53 53 53 53 53 53 53 53 53 53 53 53 53 53 34 34 34 34 34 34 34 34 34 28 28 28 28 28 28 28 28 28 28 28 28 58 58 58 58 58 58 58 58 58 58 58 58 58 58 58
5 5 5 5 5 5 5 5 8 8 8 15 15 15 15 15 15 15 15 15 15 15 15 15 15 15 15 15 41 41 41 41 41 41 41 41 41 41 41 41 41 41 41 41 53 53 53 53 53 53 53 53 53 53 53 53 53 53 53 53 34 34 34 34 34 34 34 34 34 28 28 28 28 28 28 28 28 28 28 28 28 28 58 58 58 58 58 58 58 58 58 58 58 58 58 58
5 5 5 5 5 5 5 5 8 8 8 15 15 15 15 15 15 15 15 15 15 15 15 15 15 15 15 15 41 41 41 41 41 41 41 41 41 41 41 41 41 41 41 41 53 53 53 53 53 53 53 53 53 53 53 53 53 53 53 53 53 34 34 34 34 34 34 34 34 34 28 28 28 28 28 28 28 28 28 28 28 28 28 58 58 58 58 58 58 58 58 58 58 58 58 58
5 5 5 5 5 5 5 5 8 8 8 15 15 15 15 15 15 15 15 15 15 15 15 15 15 15 15 15 41 41 41 41 41 41 41 41 41 41 41 41 41 41 41 41 53 53 53 53 53 53 53 53 53 53 53 53 53 53 53 53 53 34 34 34 34 34 34 34 34 34 28 28 28 28 28 28 28 28 28 28 28 28 28 28 58 58 58 58 58 58 58 58 58 58 58 58
5 5 5 5 5 5 5 5 8 8 8 15 15 15 15 15 15 15 15 15 15 15 15 15 15 15 15 15 41 41 41 41 41 41 41 41 41 41 41 41 41 41 41 53 53 53 53 53 53 53 53 53 53 53 53 53 53 53 53 53 53 53 34 34 34 34 34 34 34 34 34 28 28 28 28 28 28 28 28 28 28 28 28 28 58 58 58 58 58 58 58 58 58 58 58 58
